Running 1m test @ http://nginx-thrift.social-network.svc.cluster.local:8080/wrk2-api/home-timeline/read
  2 threads and 100 connections

  Thread calibration: mean lat.: 3052.755ms, rate sampling interval: 10321ms
  Thread calibration: mean lat.: 2814.624ms, rate sampling interval: 9322ms

-----------------------------------------------------------------------
Test Results @ http://nginx-thrift.social-network.svc.cluster.local:8080/wrk2-api/home-timeline/read 
  Thread Stats   Avg      Stdev     99%   +/- Stdev
    Latency    21.60s     7.88s   34.11s    59.31%
    Req/Sec   341.44     49.95   399.00     66.67%
  Latency Distribution (HdrHistogram - Recorded Latency)
 50.000%   21.40s 
 75.000%   28.84s 
 90.000%   32.19s 
 99.000%   34.11s 
 99.900%   34.77s 
 99.990%   35.09s 
 99.999%   35.29s 
100.000%   35.29s 

  Detailed Percentile spectrum:
       Value   Percentile   TotalCount 1/(1-Percentile)

    5357.567     0.000000            1         1.00
    9887.743     0.100000         3526         1.11
   14188.543     0.200000         7054         1.25
   16859.135     0.300000        10584         1.43
   19365.887     0.400000        14104         1.67
   21397.503     0.500000        17650         2.00
   22560.767     0.550000        19402         2.22
   24330.239     0.600000        21155         2.50
   25739.263     0.650000        22916         2.86
   27099.135     0.700000        24689         3.33
   28835.839     0.750000        26450         4.00
   29540.351     0.775000        27323         4.44
   30097.407     0.800000        28215         5.00
   30638.079     0.825000        29086         5.71
   31195.135     0.850000        29971         6.67
   31719.423     0.875000        30852         8.00
   31965.183     0.887500        31309         8.89
   32194.559     0.900000        31756        10.00
   32423.935     0.912500        32188        11.43
   32636.927     0.925000        32633        13.33
   32866.303     0.937500        33085        16.00
   32964.607     0.943750        33274        17.78
   33095.679     0.950000        33520        20.00
   33210.367     0.956250        33728        22.86
   33325.055     0.962500        33935        26.67
   33472.511     0.968750        34177        32.00
   33538.047     0.971875        34281        35.56
   33619.967     0.975000        34421        40.00
   33685.503     0.978125        34506        45.71
   33783.807     0.981250        34620        53.33
   33882.111     0.984375        34719        64.00
   33914.879     0.985938        34762        71.11
   33980.415     0.987500        34826        80.00
   34078.719     0.989062        34897        91.43
   34144.255     0.990625        34936       106.67
   34209.791     0.992188        34992       128.00
   34242.559     0.992969        35012       142.22
   34308.095     0.993750        35056       160.00
   34340.863     0.994531        35075       182.86
   34406.399     0.995313        35097       213.33
   34471.935     0.996094        35131       256.00
   34504.703     0.996484        35145       284.44
   34504.703     0.996875        35145       320.00
   34570.239     0.997266        35167       365.71
   34603.007     0.997656        35178       426.67
   34668.543     0.998047        35198       512.00
   34668.543     0.998242        35198       568.89
   34701.311     0.998437        35209       640.00
   34701.311     0.998633        35209       731.43
   34734.079     0.998828        35217       853.33
   34799.615     0.999023        35227      1024.00
   34799.615     0.999121        35227      1137.78
   34832.383     0.999219        35234      1280.00
   34832.383     0.999316        35234      1462.86
   34865.151     0.999414        35240      1706.67
   34865.151     0.999512        35240      2048.00
   34865.151     0.999561        35240      2275.56
   34897.919     0.999609        35245      2560.00
   34897.919     0.999658        35245      2925.71
   34897.919     0.999707        35245      3413.33
   34996.223     0.999756        35248      4096.00
   34996.223     0.999780        35248      4551.11
   35061.759     0.999805        35250      5120.00
   35061.759     0.999829        35250      5851.43
   35061.759     0.999854        35250      6826.67
   35094.527     0.999878        35251      8192.00
   35127.295     0.999890        35253      9102.22
   35127.295     0.999902        35253     10240.00
   35127.295     0.999915        35253     11702.86
   35127.295     0.999927        35253     13653.33
   35127.295     0.999939        35253     16384.00
   35258.367     0.999945        35254     18204.44
   35258.367     0.999951        35254     20480.00
   35258.367     0.999957        35254     23405.71
   35258.367     0.999963        35254     27306.67
   35258.367     0.999969        35254     32768.00
   35291.135     0.999973        35255     36408.89
   35291.135     1.000000        35255          inf
#[Mean    =    21601.749, StdDeviation   =     7875.524]
#[Max     =    35258.368, Total count    =        35255]
#[Buckets =           27, SubBuckets     =         2048]
-----------------------------------------------------------------------
  40845 requests in 1.00m, 11.05MB read
  Non-2xx or 3xx responses: 94
Requests/sec:    680.71  
Transfer/sec:    188.64KB
