Running 1m test @ http://nginx-thrift.social-network.svc.cluster.local:8080/wrk2-api/home-timeline/read
  2 threads and 100 connections

  Thread calibration: mean lat.: 170.848ms, rate sampling interval: 506ms
  Thread calibration: mean lat.: 171.213ms, rate sampling interval: 499ms

-----------------------------------------------------------------------
Test Results @ http://nginx-thrift.social-network.svc.cluster.local:8080/wrk2-api/home-timeline/read 
  Thread Stats   Avg      Stdev     99%   +/- Stdev
    Latency   168.70ms   76.62ms 447.23ms   83.35%
    Req/Sec   224.83     41.53   347.00     76.77%
  Latency Distribution (HdrHistogram - Recorded Latency)
 50.000%  147.07ms
 75.000%  193.41ms
 90.000%  264.45ms
 99.000%  447.23ms
 99.900%  596.48ms
 99.990%  618.49ms
 99.999%  821.25ms
100.000%  821.25ms

  Detailed Percentile spectrum:
       Value   Percentile   TotalCount 1/(1-Percentile)

      26.335     0.000000            1         1.00
     102.079     0.100000         2256         1.11
     112.831     0.200000         4509         1.25
     122.815     0.300000         6762         1.43
     133.759     0.400000         9003         1.67
     147.071     0.500000        11256         2.00
     154.495     0.550000        12392         2.22
     163.327     0.600000        13503         2.50
     171.775     0.650000        14630         2.86
     182.271     0.700000        15754         3.33
     193.407     0.750000        16878         4.00
     199.807     0.775000        17437         4.44
     208.383     0.800000        18004         5.00
     216.703     0.825000        18561         5.71
     227.967     0.850000        19130         6.67
     246.399     0.875000        19689         8.00
     254.079     0.887500        19971         8.89
     264.703     0.900000        20251        10.00
     274.175     0.912500        20531        11.43
     288.511     0.925000        20818        13.33
     302.335     0.937500        21093        16.00
     310.783     0.943750        21233        17.78
     325.375     0.950000        21375        20.00
     341.759     0.956250        21516        22.86
     356.607     0.962500        21655        26.67
     374.271     0.968750        21796        32.00
     386.303     0.971875        21866        35.56
     389.887     0.975000        21937        40.00
     400.127     0.978125        22008        45.71
     410.111     0.981250        22077        53.33
     420.863     0.984375        22148        64.00
     426.495     0.985938        22184        71.11
     434.431     0.987500        22217        80.00
     441.599     0.989062        22252        91.43
     451.071     0.990625        22288       106.67
     464.895     0.992188        22323       128.00
     476.927     0.992969        22341       142.22
     489.215     0.993750        22358       160.00
     511.487     0.994531        22375       182.86
     536.575     0.995313        22393       213.33
     551.935     0.996094        22411       256.00
     564.735     0.996484        22419       284.44
     572.415     0.996875        22428       320.00
     577.023     0.997266        22439       365.71
     578.559     0.997656        22450       426.67
     580.095     0.998047        22456       512.00
     583.679     0.998242        22459       568.89
     589.823     0.998437        22463       640.00
     591.871     0.998633        22468       731.43
     595.455     0.998828        22472       853.33
     596.991     0.999023        22478      1024.00
     598.527     0.999121        22479      1137.78
     600.063     0.999219        22482      1280.00
     600.575     0.999316        22484      1462.86
     602.111     0.999414        22485      1706.67
     605.183     0.999512        22488      2048.00
     606.207     0.999561        22489      2275.56
     607.231     0.999609        22490      2560.00
     611.839     0.999658        22491      2925.71
     617.471     0.999707        22493      3413.33
     617.471     0.999756        22493      4096.00
     617.983     0.999780        22494      4551.11
     617.983     0.999805        22494      5120.00
     618.495     0.999829        22496      5851.43
     618.495     0.999854        22496      6826.67
     618.495     0.999878        22496      8192.00
     618.495     0.999890        22496      9102.22
     618.495     0.999902        22496     10240.00
     801.279     0.999915        22497     11702.86
     801.279     0.999927        22497     13653.33
     801.279     0.999939        22497     16384.00
     801.279     0.999945        22497     18204.44
     801.279     0.999951        22497     20480.00
     821.247     0.999957        22498     23405.71
     821.247     1.000000        22498          inf
#[Mean    =      168.704, StdDeviation   =       76.622]
#[Max     =      820.736, Total count    =        22498]
#[Buckets =           27, SubBuckets     =         2048]
-----------------------------------------------------------------------
  26874 requests in 1.00m, 7.27MB read
  Non-2xx or 3xx responses: 7
Requests/sec:    447.59  
Transfer/sec:    123.95KB
