Running 1m test @ http://nginx-thrift.social-network.svc.cluster.local:8080/wrk2-api/home-timeline/read
  2 threads and 100 connections

  Thread calibration: mean lat.: 403.373ms, rate sampling interval: 1456ms
  Thread calibration: mean lat.: 402.574ms, rate sampling interval: 1460ms

-----------------------------------------------------------------------
Test Results @ http://nginx-thrift.social-network.svc.cluster.local:8080/wrk2-api/home-timeline/read 
  Thread Stats   Avg      Stdev     99%   +/- Stdev
    Latency     2.42s     1.37s    4.78s    60.36%
    Req/Sec   347.66     81.94   481.00     72.06%
  Latency Distribution (HdrHistogram - Recorded Latency)
 50.000%    2.56s 
 75.000%    3.56s 
 90.000%    4.17s 
 99.000%    4.78s 
 99.900%    5.12s 
 99.990%    5.25s 
 99.999%    5.33s 
100.000%    5.33s 

  Detailed Percentile spectrum:
       Value   Percentile   TotalCount 1/(1-Percentile)

      20.559     0.000000            1         1.00
     272.639     0.100000         3483         1.11
    1030.655     0.200000         6964         1.25
    1515.519     0.300000        10450         1.43
    2125.823     0.400000        13935         1.67
    2562.047     0.500000        17411         2.00
    2768.895     0.550000        19151         2.22
    2963.455     0.600000        20891         2.50
    3164.159     0.650000        22646         2.86
    3358.719     0.700000        24381         3.33
    3559.423     0.750000        26123         4.00
    3659.775     0.775000        26991         4.44
    3764.223     0.800000        27866         5.00
    3860.479     0.825000        28725         5.71
    3966.975     0.850000        29601         6.67
    4071.423     0.875000        30481         8.00
    4122.623     0.887500        30900         8.89
    4173.823     0.900000        31336        10.00
    4227.071     0.912500        31779        11.43
    4288.511     0.925000        32205        13.33
    4358.143     0.937500        32655        16.00
    4395.007     0.943750        32872        17.78
    4431.871     0.950000        33079        20.00
    4472.831     0.956250        33295        22.86
    4517.887     0.962500        33526        26.67
    4558.847     0.968750        33728        32.00
    4591.615     0.971875        33846        35.56
    4620.287     0.975000        33955        40.00
    4644.863     0.978125        34059        45.71
    4677.631     0.981250        34179        53.33
    4706.303     0.984375        34271        64.00
    4730.879     0.985938        34334        71.11
    4751.359     0.987500        34387        80.00
    4767.743     0.989062        34442        91.43
    4784.127     0.990625        34488       106.67
    4808.703     0.992188        34547       128.00
    4825.087     0.992969        34576       142.22
    4841.471     0.993750        34603       160.00
    4866.047     0.994531        34627       182.86
    4898.815     0.995313        34656       213.33
    4927.487     0.996094        34682       256.00
    4943.871     0.996484        34692       284.44
    4964.351     0.996875        34709       320.00
    4972.543     0.997266        34719       365.71
    5001.215     0.997656        34733       426.67
    5029.887     0.998047        34748       512.00
    5058.559     0.998242        34755       568.89
    5074.943     0.998437        34763       640.00
    5091.327     0.998633        34768       731.43
    5099.519     0.998828        34774       853.33
    5132.287     0.999023        34781      1024.00
    5144.575     0.999121        34784      1137.78
    5160.959     0.999219        34787      1280.00
    5181.439     0.999316        34792      1462.86
    5189.631     0.999414        34794      1706.67
    5214.207     0.999512        34799      2048.00
    5214.207     0.999561        34799      2275.56
    5218.303     0.999609        34801      2560.00
    5226.495     0.999658        34804      2925.71
    5226.495     0.999707        34804      3413.33
    5234.687     0.999756        34807      4096.00
    5234.687     0.999780        34807      4551.11
    5238.783     0.999805        34808      5120.00
    5246.975     0.999829        34810      5851.43
    5246.975     0.999854        34810      6826.67
    5246.975     0.999878        34810      8192.00
    5251.071     0.999890        34812      9102.22
    5251.071     0.999902        34812     10240.00
    5251.071     0.999915        34812     11702.86
    5251.071     0.999927        34812     13653.33
    5251.071     0.999939        34812     16384.00
    5304.319     0.999945        34813     18204.44
    5304.319     0.999951        34813     20480.00
    5304.319     0.999957        34813     23405.71
    5304.319     0.999963        34813     27306.67
    5304.319     0.999969        34813     32768.00
    5332.991     0.999973        34814     36408.89
    5332.991     1.000000        34814          inf
#[Mean    =     2419.701, StdDeviation   =     1367.208]
#[Max     =     5328.896, Total count    =        34814]
#[Buckets =           27, SubBuckets     =         2048]
-----------------------------------------------------------------------
  41639 requests in 1.00m, 11.27MB read
  Non-2xx or 3xx responses: 18
Requests/sec:    693.94  
Transfer/sec:    192.27KB
