Running 1m test @ http://nginx-thrift.social-network.svc.cluster.local:8080/wrk2-api/home-timeline/read
  2 threads and 100 connections

  Thread calibration: mean lat.: 2485.373ms, rate sampling interval: 8773ms
  Thread calibration: mean lat.: 2456.553ms, rate sampling interval: 8691ms

-----------------------------------------------------------------------
Test Results @ http://nginx-thrift.social-network.svc.cluster.local:8080/wrk2-api/home-timeline/read 
  Thread Stats   Avg      Stdev     99%   +/- Stdev
    Latency    16.08s     6.86s   29.46s    60.69%
    Req/Sec   356.70     26.15   383.00     80.00%
  Latency Distribution (HdrHistogram - Recorded Latency)
 50.000%   15.70s 
 75.000%   21.46s 
 90.000%   26.18s 
 99.000%   29.46s 
 99.900%   30.46s 
 99.990%   30.97s 
 99.999%   31.24s 
100.000%   31.24s 

  Detailed Percentile spectrum:
       Value   Percentile   TotalCount 1/(1-Percentile)

    4587.519     0.000000            1         1.00
    6914.047     0.100000         3447         1.11
    9306.111     0.200000         6907         1.25
   10969.087     0.300000        10340         1.43
   13778.943     0.400000        13791         1.67
   15695.871     0.500000        17235         2.00
   16891.903     0.550000        18951         2.22
   17793.023     0.600000        20685         2.50
   18579.455     0.650000        22414         2.86
   19644.415     0.700000        24120         3.33
   21463.039     0.750000        25841         4.00
   22167.551     0.775000        26695         4.44
   22872.063     0.800000        27576         5.00
   23822.335     0.825000        28432         5.71
   24690.687     0.850000        29297         6.67
   25411.583     0.875000        30150         8.00
   25739.263     0.887500        30583         8.89
   26181.631     0.900000        31009        10.00
   26640.383     0.912500        31443        11.43
   27066.367     0.925000        31873        13.33
   27475.967     0.937500        32300        16.00
   27705.343     0.943750        32518        17.78
   27918.335     0.950000        32731        20.00
   28164.095     0.956250        32947        22.86
   28377.087     0.962500        33163        26.67
   28590.079     0.968750        33374        32.00
   28688.383     0.971875        33480        35.56
   28803.071     0.975000        33586        40.00
   28901.375     0.978125        33699        45.71
   29032.447     0.981250        33803        53.33
   29163.519     0.984375        33911        64.00
   29229.055     0.985938        33966        71.11
   29294.591     0.987500        34015        80.00
   29392.895     0.989062        34071        91.43
   29491.199     0.990625        34128       106.67
   29589.503     0.992188        34177       128.00
   29655.039     0.992969        34204       142.22
   29736.959     0.993750        34234       160.00
   29786.111     0.994531        34257       182.86
   29884.415     0.995313        34288       213.33
   29949.951     0.996094        34315       256.00
   30015.487     0.996484        34326       284.44
   30081.023     0.996875        34341       320.00
   30146.559     0.997266        34355       365.71
   30195.711     0.997656        34367       426.67
   30261.247     0.998047        34381       512.00
   30294.015     0.998242        34385       568.89
   30359.551     0.998437        34394       640.00
   30392.319     0.998633        34401       731.43
   30425.087     0.998828        34405       853.33
   30457.855     0.999023        34412      1024.00
   30474.239     0.999121        34415      1137.78
   30507.007     0.999219        34420      1280.00
   30572.543     0.999316        34422      1462.86
   30588.927     0.999414        34425      1706.67
   30670.847     0.999512        34430      2048.00
   30670.847     0.999561        34430      2275.56
   30687.231     0.999609        34432      2560.00
   30752.767     0.999658        34434      2925.71
   30785.535     0.999707        34435      3413.33
   30867.455     0.999756        34437      4096.00
   30900.223     0.999780        34439      4551.11
   30900.223     0.999805        34439      5120.00
   30932.991     0.999829        34440      5851.43
   30932.991     0.999854        34440      6826.67
   30965.759     0.999878        34442      8192.00
   30965.759     0.999890        34442      9102.22
   30965.759     0.999902        34442     10240.00
   31047.679     0.999915        34443     11702.86
   31047.679     0.999927        34443     13653.33
   31047.679     0.999939        34443     16384.00
   31145.983     0.999945        34444     18204.44
   31145.983     0.999951        34444     20480.00
   31145.983     0.999957        34444     23405.71
   31145.983     0.999963        34444     27306.67
   31145.983     0.999969        34444     32768.00
   31244.287     0.999973        34445     36408.89
   31244.287     1.000000        34445          inf
#[Mean    =    16081.255, StdDeviation   =     6859.906]
#[Max     =    31227.904, Total count    =        34445]
#[Buckets =           27, SubBuckets     =         2048]
-----------------------------------------------------------------------
  41430 requests in 1.00m, 11.21MB read
  Non-2xx or 3xx responses: 101
Requests/sec:    689.90  
Transfer/sec:    191.21KB
