Running 1m test @ http://nginx-thrift.social-network.svc.cluster.local:8080/wrk2-api/home-timeline/read
  2 threads and 100 connections

  Thread calibration: mean lat.: 146.859ms, rate sampling interval: 411ms
  Thread calibration: mean lat.: 147.262ms, rate sampling interval: 425ms

-----------------------------------------------------------------------
Test Results @ http://nginx-thrift.social-network.svc.cluster.local:8080/wrk2-api/home-timeline/read 
  Thread Stats   Avg      Stdev     99%   +/- Stdev
    Latency   157.41ms   63.99ms 379.90ms   81.76%
    Req/Sec   198.17     45.84   316.00     75.21%
  Latency Distribution (HdrHistogram - Recorded Latency)
 50.000%  138.75ms
 75.000%  179.84ms
 90.000%  241.79ms
 99.000%  379.90ms
 99.900%  547.33ms
 99.990%  558.08ms
 99.999%  576.51ms
100.000%  576.51ms

  Detailed Percentile spectrum:
       Value   Percentile   TotalCount 1/(1-Percentile)

      15.319     0.000000            1         1.00
     100.607     0.100000         2004         1.11
     110.719     0.200000         3999         1.25
     119.359     0.300000         5986         1.43
     128.575     0.400000         7988         1.67
     138.751     0.500000         9997         2.00
     144.639     0.550000        10987         2.22
     151.295     0.600000        11978         2.50
     158.847     0.650000        12986         2.86
     168.319     0.700000        13974         3.33
     179.839     0.750000        14972         4.00
     185.855     0.775000        15464         4.44
     192.639     0.800000        15973         5.00
     201.087     0.825000        16467         5.71
     211.839     0.850000        16967         6.67
     225.151     0.875000        17459         8.00
     232.191     0.887500        17710         8.89
     241.791     0.900000        17959        10.00
     252.159     0.912500        18208        11.43
     262.655     0.925000        18461        13.33
     277.247     0.937500        18712        16.00
     281.599     0.943750        18834        17.78
     293.119     0.950000        18959        20.00
     302.079     0.956250        19083        22.86
     311.807     0.962500        19207        26.67
     319.743     0.968750        19330        32.00
     325.631     0.971875        19392        35.56
     331.519     0.975000        19464        40.00
     338.175     0.978125        19517        45.71
     344.063     0.981250        19581        53.33
     353.023     0.984375        19642        64.00
     359.423     0.985938        19677        71.11
     366.079     0.987500        19705        80.00
     374.527     0.989062        19735        91.43
     382.207     0.990625        19766       106.67
     388.863     0.992188        19799       128.00
     392.447     0.992969        19814       142.22
     403.455     0.993750        19829       160.00
     424.191     0.994531        19844       182.86
     432.639     0.995313        19860       213.33
     449.535     0.996094        19876       256.00
     458.239     0.996484        19883       284.44
     513.023     0.996875        19891       320.00
     514.303     0.997266        19900       365.71
     514.815     0.997656        19914       426.67
     515.071     0.998047        19915       512.00
     537.087     0.998242        19918       568.89
     539.135     0.998437        19922       640.00
     542.719     0.998633        19927       731.43
     545.791     0.998828        19930       853.33
     547.327     0.999023        19934      1024.00
     548.351     0.999121        19937      1137.78
     549.375     0.999219        19938      1280.00
     551.423     0.999316        19941      1462.86
     552.959     0.999414        19943      1706.67
     553.471     0.999512        19946      2048.00
     553.471     0.999561        19946      2275.56
     553.471     0.999609        19946      2560.00
     555.519     0.999658        19947      2925.71
     556.543     0.999707        19948      3413.33
     557.055     0.999756        19950      4096.00
     557.055     0.999780        19950      4551.11
     557.055     0.999805        19950      5120.00
     557.055     0.999829        19950      5851.43
     558.079     0.999854        19951      6826.67
     558.079     0.999878        19951      8192.00
     558.079     0.999890        19951      9102.22
     559.103     0.999902        19952     10240.00
     559.103     0.999915        19952     11702.86
     559.103     0.999927        19952     13653.33
     559.103     0.999939        19952     16384.00
     559.103     0.999945        19952     18204.44
     576.511     0.999951        19953     20480.00
     576.511     1.000000        19953          inf
#[Mean    =      157.408, StdDeviation   =       63.995]
#[Max     =      576.000, Total count    =        19953]
#[Buckets =           27, SubBuckets     =         2048]
-----------------------------------------------------------------------
  23856 requests in 1.00m, 6.45MB read
  Non-2xx or 3xx responses: 6
Requests/sec:    397.32  
Transfer/sec:    110.01KB
