Running 1m test @ http://nginx-thrift.social-network.svc.cluster.local:8080/wrk2-api/home-timeline/read
  2 threads and 100 connections

  Thread calibration: mean lat.: 139.464ms, rate sampling interval: 396ms
  Thread calibration: mean lat.: 149.597ms, rate sampling interval: 437ms

-----------------------------------------------------------------------
Test Results @ http://nginx-thrift.social-network.svc.cluster.local:8080/wrk2-api/home-timeline/read 
  Thread Stats   Avg      Stdev     99%   +/- Stdev
    Latency   145.54ms   55.41ms 366.59ms   81.97%
    Req/Sec    99.90     38.11   132.00     82.92%
  Latency Distribution (HdrHistogram - Recorded Latency)
 50.000%  129.15ms
 75.000%  164.22ms
 90.000%  214.27ms
 99.000%  366.59ms
 99.900%  451.07ms
 99.990%  466.43ms
 99.999%  469.25ms
100.000%  469.25ms

  Detailed Percentile spectrum:
       Value   Percentile   TotalCount 1/(1-Percentile)

       8.171     0.000000            1         1.00
      97.471     0.100000         1002         1.11
     106.815     0.200000         2005         1.25
     113.919     0.300000         3001         1.43
     120.959     0.400000         4004         1.67
     129.151     0.500000         5009         2.00
     133.375     0.550000         5514         2.22
     138.751     0.600000         6007         2.50
     145.535     0.650000         6501         2.86
     153.983     0.700000         7009         3.33
     164.223     0.750000         7500         4.00
     169.983     0.775000         7750         4.44
     176.767     0.800000         8002         5.00
     184.447     0.825000         8252         5.71
     194.047     0.850000         8503         6.67
     204.543     0.875000         8750         8.00
     208.895     0.887500         8879         8.89
     214.271     0.900000         9000        10.00
     220.927     0.912500         9126        11.43
     227.967     0.925000         9250        13.33
     238.335     0.937500         9375        16.00
     245.631     0.943750         9438        17.78
     258.047     0.950000         9500        20.00
     266.751     0.956250         9564        22.86
     277.759     0.962500         9625        26.67
     288.255     0.968750         9689        32.00
     292.863     0.971875         9719        35.56
     297.727     0.975000         9752        40.00
     303.359     0.978125         9783        45.71
     313.599     0.981250         9813        53.33
     333.055     0.984375         9844        64.00
     344.575     0.985938         9860        71.11
     354.559     0.987500         9875        80.00
     365.823     0.989062         9891        91.43
     366.591     0.990625         9908       106.67
     367.103     0.992188         9923       128.00
     367.359     0.992969         9930       142.22
     373.503     0.993750         9938       160.00
     395.519     0.994531         9947       182.86
     414.207     0.995313         9954       213.33
     422.143     0.996094         9961       256.00
     427.263     0.996484         9967       284.44
     430.335     0.996875         9969       320.00
     434.431     0.997266         9973       365.71
     438.783     0.997656         9977       426.67
     440.575     0.998047         9981       512.00
     441.855     0.998242         9983       568.89
     445.951     0.998437         9986       640.00
     446.719     0.998633         9988       731.43
     450.047     0.998828         9989       853.33
     451.839     0.999023         9991      1024.00
     452.351     0.999121         9992      1137.78
     453.631     0.999219         9993      1280.00
     454.143     0.999316         9994      1462.86
     456.191     0.999414         9995      1706.67
     456.447     0.999512         9996      2048.00
     456.447     0.999561         9996      2275.56
     462.591     0.999609         9997      2560.00
     462.591     0.999658         9997      2925.71
     464.895     0.999707         9998      3413.33
     464.895     0.999756         9998      4096.00
     464.895     0.999780         9998      4551.11
     466.431     0.999805         9999      5120.00
     466.431     0.999829         9999      5851.43
     466.431     0.999854         9999      6826.67
     466.431     0.999878         9999      8192.00
     466.431     0.999890         9999      9102.22
     469.247     0.999902        10000     10240.00
     469.247     1.000000        10000          inf
#[Mean    =      145.537, StdDeviation   =       55.407]
#[Max     =      468.992, Total count    =        10000]
#[Buckets =           27, SubBuckets     =         2048]
-----------------------------------------------------------------------
  11800 requests in 1.00m, 3.19MB read
  Non-2xx or 3xx responses: 16
Requests/sec:    196.50  
Transfer/sec:     54.41KB
