Running 1m test @ http://nginx-thrift.social-network.svc.cluster.local:8080/wrk2-api/home-timeline/read
  2 threads and 100 connections

  Thread calibration: mean lat.: 135.053ms, rate sampling interval: 374ms
  Thread calibration: mean lat.: 135.359ms, rate sampling interval: 379ms

-----------------------------------------------------------------------
Test Results @ http://nginx-thrift.social-network.svc.cluster.local:8080/wrk2-api/home-timeline/read 
  Thread Stats   Avg      Stdev     99%   +/- Stdev
    Latency   146.71ms   51.59ms 322.05ms   78.64%
    Req/Sec    50.08     58.20   134.00     69.70%
  Latency Distribution (HdrHistogram - Recorded Latency)
 50.000%  131.01ms
 75.000%  167.29ms
 90.000%  223.10ms
 99.000%  322.05ms
 99.900%  351.49ms
 99.990%  377.86ms
 99.999%  418.05ms
100.000%  418.05ms

  Detailed Percentile spectrum:
       Value   Percentile   TotalCount 1/(1-Percentile)

       7.319     0.000000            1         1.00
      99.007     0.100000          501         1.11
     108.351     0.200000         1001         1.25
     115.583     0.300000         1500         1.43
     122.751     0.400000         2000         1.67
     131.007     0.500000         2501         2.00
     137.215     0.550000         2752         2.22
     142.591     0.600000         3000         2.50
     147.967     0.650000         3254         2.86
     157.055     0.700000         3500         3.33
     167.295     0.750000         3751         4.00
     173.311     0.775000         3877         4.44
     178.943     0.800000         4001         5.00
     183.807     0.825000         4125         5.71
     194.175     0.850000         4250         6.67
     207.999     0.875000         4376         8.00
     214.527     0.887500         4438         8.89
     223.103     0.900000         4500        10.00
     230.911     0.912500         4564        11.43
     239.359     0.925000         4627        13.33
     248.575     0.937500         4689        16.00
     250.367     0.943750         4722        17.78
     253.567     0.950000         4750        20.00
     259.199     0.956250         4782        22.86
     269.567     0.962500         4813        26.67
     276.991     0.968750         4845        32.00
     281.087     0.971875         4860        35.56
     287.743     0.975000         4875        40.00
     297.215     0.978125         4891        45.71
     306.431     0.981250         4907        53.33
     313.343     0.984375         4922        64.00
     314.623     0.985938         4932        71.11
     316.671     0.987500         4938        80.00
     321.023     0.989062         4946        91.43
     324.095     0.990625         4955       106.67
     327.167     0.992188         4961       128.00
     329.727     0.992969         4966       142.22
     331.519     0.993750         4969       160.00
     333.055     0.994531         4973       182.86
     334.335     0.995313         4977       213.33
     336.383     0.996094         4981       256.00
     336.895     0.996484         4983       284.44
     338.431     0.996875         4986       320.00
     339.967     0.997266         4987       365.71
     342.783     0.997656         4989       426.67
     344.319     0.998047         4991       512.00
     347.391     0.998242         4992       568.89
     349.183     0.998437         4993       640.00
     349.695     0.998633         4994       731.43
     351.487     0.998828         4995       853.33
     354.559     0.999023         4996      1024.00
     354.559     0.999121         4996      1137.78
     358.655     0.999219         4997      1280.00
     358.655     0.999316         4997      1462.86
     375.551     0.999414         4998      1706.67
     375.551     0.999512         4998      2048.00
     375.551     0.999561         4998      2275.56
     377.855     0.999609         4999      2560.00
     377.855     0.999658         4999      2925.71
     377.855     0.999707         4999      3413.33
     377.855     0.999756         4999      4096.00
     377.855     0.999780         4999      4551.11
     418.047     0.999805         5000      5120.00
     418.047     1.000000         5000          inf
#[Mean    =      146.713, StdDeviation   =       51.590]
#[Max     =      417.792, Total count    =         5000]
#[Buckets =           27, SubBuckets     =         2048]
-----------------------------------------------------------------------
  5900 requests in 1.00m, 1.60MB read
  Non-2xx or 3xx responses: 8
Requests/sec:     98.24  
Transfer/sec:     27.21KB
