Running 1m test @ http://nginx-thrift.social-network.svc.cluster.local:8080/wrk2-api/home-timeline/read
  2 threads and 100 connections

  Thread calibration: mean lat.: 1326.653ms, rate sampling interval: 5324ms
  Thread calibration: mean lat.: 1369.650ms, rate sampling interval: 5455ms

-----------------------------------------------------------------------
Test Results @ http://nginx-thrift.social-network.svc.cluster.local:8080/wrk2-api/home-timeline/read 
  Thread Stats   Avg      Stdev     99%   +/- Stdev
    Latency     6.26s     1.59s    9.54s    64.09%
    Req/Sec   353.56     25.64   400.00     55.56%
  Latency Distribution (HdrHistogram - Recorded Latency)
 50.000%    6.16s 
 75.000%    7.48s 
 90.000%    8.47s 
 99.000%    9.54s 
 99.900%   10.18s 
 99.990%   10.44s 
 99.999%   10.59s 
100.000%   10.59s 

  Detailed Percentile spectrum:
       Value   Percentile   TotalCount 1/(1-Percentile)

    2256.895     0.000000            1         1.00
    4098.047     0.100000         3542         1.11
    4882.431     0.200000         7083         1.25
    5373.951     0.300000        10629         1.43
    5787.647     0.400000        14198         1.67
    6164.479     0.500000        17726         2.00
    6377.471     0.550000        19491         2.22
    6594.559     0.600000        21239         2.50
    6864.895     0.650000        23018         2.86
    7180.287     0.700000        24785         3.33
    7479.295     0.750000        26562         4.00
    7643.135     0.775000        27437         4.44
    7786.495     0.800000        28326         5.00
    7929.855     0.825000        29211         5.71
    8114.175     0.850000        30105         6.67
    8290.303     0.875000        30981         8.00
    8376.319     0.887500        31420         8.89
    8470.527     0.900000        31875        10.00
    8568.831     0.912500        32334        11.43
    8667.135     0.925000        32752        13.33
    8781.823     0.937500        33204        16.00
    8839.167     0.943750        33424        17.78
    8904.703     0.950000        33650        20.00
    8970.239     0.956250        33871        22.86
    9027.583     0.962500        34085        26.67
    9101.311     0.968750        34292        32.00
    9150.463     0.971875        34411        35.56
    9199.615     0.975000        34524        40.00
    9256.959     0.978125        34634        45.71
    9314.303     0.981250        34745        53.33
    9371.647     0.984375        34843        64.00
    9420.799     0.985938        34905        71.11
    9461.759     0.987500        34958        80.00
    9519.103     0.989062        35025        91.43
    9560.063     0.990625        35075       106.67
    9609.215     0.992188        35121       128.00
    9650.175     0.992969        35147       142.22
    9682.943     0.993750        35181       160.00
    9715.711     0.994531        35208       182.86
    9764.863     0.995313        35233       213.33
    9814.015     0.996094        35262       256.00
    9846.783     0.996484        35271       284.44
    9879.551     0.996875        35285       320.00
    9936.895     0.997266        35302       365.71
    9969.663     0.997656        35313       426.67
   10018.815     0.998047        35328       512.00
   10027.007     0.998242        35333       568.89
   10051.583     0.998437        35340       640.00
   10076.159     0.998633        35347       731.43
   10133.503     0.998828        35355       853.33
   10182.655     0.999023        35362      1024.00
   10190.847     0.999121        35365      1137.78
   10223.615     0.999219        35368      1280.00
   10256.383     0.999316        35372      1462.86
   10264.575     0.999414        35375      1706.67
   10297.343     0.999512        35379      2048.00
   10313.727     0.999561        35384      2275.56
   10313.727     0.999609        35384      2560.00
   10313.727     0.999658        35384      2925.71
   10330.111     0.999707        35385      3413.33
   10338.303     0.999756        35387      4096.00
   10346.495     0.999780        35389      4551.11
   10346.495     0.999805        35389      5120.00
   10346.495     0.999829        35389      5851.43
   10362.879     0.999854        35390      6826.67
   10436.607     0.999878        35393      8192.00
   10436.607     0.999890        35393      9102.22
   10436.607     0.999902        35393     10240.00
   10436.607     0.999915        35393     11702.86
   10436.607     0.999927        35393     13653.33
   10436.607     0.999939        35393     16384.00
   10469.375     0.999945        35394     18204.44
   10469.375     0.999951        35394     20480.00
   10469.375     0.999957        35394     23405.71
   10469.375     0.999963        35394     27306.67
   10469.375     0.999969        35394     32768.00
   10592.255     0.999973        35395     36408.89
   10592.255     1.000000        35395          inf
#[Mean    =     6261.391, StdDeviation   =     1586.193]
#[Max     =    10584.064, Total count    =        35395]
#[Buckets =           27, SubBuckets     =         2048]
-----------------------------------------------------------------------
  40892 requests in 1.00m, 11.07MB read
  Non-2xx or 3xx responses: 65
Requests/sec:    681.48  
Transfer/sec:    188.87KB
