Running 1m test @ http://nginx-thrift.social-network.svc.cluster.local:8080/wrk2-api/home-timeline/read
  2 threads and 100 connections

  Thread calibration: mean lat.: 2108.720ms, rate sampling interval: 7757ms
  Thread calibration: mean lat.: 2114.089ms, rate sampling interval: 7778ms

-----------------------------------------------------------------------
Test Results @ http://nginx-thrift.social-network.svc.cluster.local:8080/wrk2-api/home-timeline/read 
  Thread Stats   Avg      Stdev     99%   +/- Stdev
    Latency    13.90s     4.69s   22.05s    61.75%
    Req/Sec   327.92     33.86   372.00     66.67%
  Latency Distribution (HdrHistogram - Recorded Latency)
 50.000%   14.32s 
 75.000%   17.61s 
 90.000%   20.05s 
 99.000%   22.05s 
 99.900%   22.97s 
 99.990%   23.33s 
 99.999%   23.48s 
100.000%   23.48s 

  Detailed Percentile spectrum:
       Value   Percentile   TotalCount 1/(1-Percentile)

    3792.895     0.000000            1         1.00
    7241.727     0.100000         3283         1.11
    9166.847     0.200000         6561         1.25
   11026.431     0.300000         9858         1.43
   12926.975     0.400000        13125         1.67
   14319.615     0.500000        16405         2.00
   15032.319     0.550000        18057         2.22
   15835.135     0.600000        19684         2.50
   16457.727     0.650000        21343         2.86
   17088.511     0.700000        23003         3.33
   17629.183     0.750000        24645         4.00
   17940.479     0.775000        25451         4.44
   18300.927     0.800000        26271         5.00
   18694.143     0.825000        27104         5.71
   19152.895     0.850000        27902         6.67
   19595.263     0.875000        28706         8.00
   19824.639     0.887500        29129         8.89
   20054.015     0.900000        29542        10.00
   20267.007     0.912500        29955        11.43
   20479.999     0.925000        30350        13.33
   20692.991     0.937500        30753        16.00
   20824.063     0.943750        30983        17.78
   20955.135     0.950000        31192        20.00
   21037.055     0.956250        31368        22.86
   21200.895     0.962500        31597        26.67
   21331.967     0.968750        31797        32.00
   21397.503     0.971875        31884        35.56
   21512.191     0.975000        31999        40.00
   21610.495     0.978125        32097        45.71
   21708.799     0.981250        32197        53.33
   21807.103     0.984375        32301        64.00
   21856.255     0.985938        32343        71.11
   21954.559     0.987500        32402        80.00
   22003.711     0.989062        32445        91.43
   22102.015     0.990625        32501       106.67
   22183.935     0.992188        32553       128.00
   22216.703     0.992969        32576       142.22
   22265.855     0.993750        32599       160.00
   22331.391     0.994531        32626       182.86
   22429.695     0.995313        32660       213.33
   22462.463     0.996094        32678       256.00
   22511.615     0.996484        32690       284.44
   22560.767     0.996875        32706       320.00
   22593.535     0.997266        32719       365.71
   22659.071     0.997656        32727       426.67
   22740.991     0.998047        32741       512.00
   22773.759     0.998242        32748       568.89
   22822.911     0.998437        32753       640.00
   22872.063     0.998633        32759       731.43
   22921.215     0.998828        32765       853.33
   22986.751     0.999023        32774      1024.00
   23003.135     0.999121        32780      1137.78
   23003.135     0.999219        32780      1280.00
   23019.519     0.999316        32786      1462.86
   23019.519     0.999414        32786      1706.67
   23035.903     0.999512        32789      2048.00
   23035.903     0.999561        32789      2275.56
   23068.671     0.999609        32791      2560.00
   23085.055     0.999658        32792      2925.71
   23134.207     0.999707        32794      3413.33
   23166.975     0.999756        32795      4096.00
   23199.743     0.999780        32798      4551.11
   23199.743     0.999805        32798      5120.00
   23199.743     0.999829        32798      5851.43
   23216.127     0.999854        32799      6826.67
   23216.127     0.999878        32799      8192.00
   23330.815     0.999890        32800      9102.22
   23330.815     0.999902        32800     10240.00
   23445.503     0.999915        32801     11702.86
   23445.503     0.999927        32801     13653.33
   23445.503     0.999939        32801     16384.00
   23478.271     0.999945        32803     18204.44
   23478.271     1.000000        32803          inf
#[Mean    =    13904.713, StdDeviation   =     4687.349]
#[Max     =    23461.888, Total count    =        32803]
#[Buckets =           27, SubBuckets     =         2048]
-----------------------------------------------------------------------
  38205 requests in 1.00m, 10.34MB read
  Non-2xx or 3xx responses: 62
Requests/sec:    636.50  
Transfer/sec:    176.40KB
