Running 1m test @ http://nginx-thrift.social-network.svc.cluster.local:8080/wrk2-api/home-timeline/read
  2 threads and 100 connections

  Thread calibration: mean lat.: 2759.690ms, rate sampling interval: 10715ms
  Thread calibration: mean lat.: 2493.961ms, rate sampling interval: 9797ms

-----------------------------------------------------------------------
Test Results @ http://nginx-thrift.social-network.svc.cluster.local:8080/wrk2-api/home-timeline/read 
  Thread Stats   Avg      Stdev     99%   +/- Stdev
    Latency    20.30s     8.12s   34.05s    57.13%
    Req/Sec   388.00     11.71   410.00     55.56%
  Latency Distribution (HdrHistogram - Recorded Latency)
 50.000%   20.33s 
 75.000%   27.56s 
 90.000%   31.29s 
 99.000%   34.05s 
 99.900%   34.80s 
 99.990%   35.06s 
 99.999%   35.23s 
100.000%   35.23s 

  Detailed Percentile spectrum:
       Value   Percentile   TotalCount 1/(1-Percentile)

    5423.103     0.000000            1         1.00
    9347.071     0.100000         3876         1.11
   11952.127     0.200000         7733         1.25
   14565.375     0.300000        11596         1.43
   17580.031     0.400000        15478         1.67
   20332.543     0.500000        19333         2.00
   21954.559     0.550000        21273         2.22
   23019.519     0.600000        23187         2.50
   24674.303     0.650000        25132         2.86
   26329.087     0.700000        27059         3.33
   27557.887     0.750000        28993         4.00
   28295.167     0.775000        29951         4.44
   28901.375     0.800000        30935         5.00
   29409.279     0.825000        31884         5.71
   29966.335     0.850000        32855         6.67
   30605.311     0.875000        33811         8.00
   30949.375     0.887500        34320         8.89
   31293.439     0.900000        34789        10.00
   31637.503     0.912500        35255        11.43
   31965.183     0.925000        35744        13.33
   32292.863     0.937500        36225        16.00
   32456.703     0.943750        36477        17.78
   32620.543     0.950000        36716        20.00
   32817.151     0.956250        36959        22.86
   32997.375     0.962500        37194        26.67
   33193.983     0.968750        37444        32.00
   33308.671     0.971875        37559        35.56
   33406.975     0.975000        37669        40.00
   33538.047     0.978125        37791        45.71
   33685.503     0.981250        37940        53.33
   33816.575     0.984375        38061        64.00
   33849.343     0.985938        38091        71.11
   33947.647     0.987500        38175        80.00
   34013.183     0.989062        38224        91.43
   34078.719     0.990625        38280       106.67
   34144.255     0.992188        38335       128.00
   34209.791     0.992969        38384       142.22
   34242.559     0.993750        38402       160.00
   34275.327     0.994531        38424       182.86
   34340.863     0.995313        38455       213.33
   34406.399     0.996094        38490       256.00
   34439.167     0.996484        38500       284.44
   34471.935     0.996875        38517       320.00
   34537.471     0.997266        38539       365.71
   34570.239     0.997656        38545       426.67
   34635.775     0.998047        38562       512.00
   34668.543     0.998242        38569       568.89
   34734.079     0.998437        38579       640.00
   34766.847     0.998633        38591       731.43
   34766.847     0.998828        38591       853.33
   34799.615     0.999023        38599      1024.00
   34832.383     0.999121        38606      1137.78
   34832.383     0.999219        38606      1280.00
   34865.151     0.999316        38609      1462.86
   34897.919     0.999414        38615      1706.67
   34930.687     0.999512        38619      2048.00
   34930.687     0.999561        38619      2275.56
   34930.687     0.999609        38619      2560.00
   34963.455     0.999658        38623      2925.71
   34963.455     0.999707        38623      3413.33
   35028.991     0.999756        38628      4096.00
   35028.991     0.999780        38628      4551.11
   35028.991     0.999805        38628      5120.00
   35028.991     0.999829        38628      5851.43
   35061.759     0.999854        38630      6826.67
   35061.759     0.999878        38630      8192.00
   35061.759     0.999890        38630      9102.22
   35094.527     0.999902        38632     10240.00
   35094.527     0.999915        38632     11702.86
   35094.527     0.999927        38632     13653.33
   35094.527     0.999939        38632     16384.00
   35094.527     0.999945        38632     18204.44
   35225.599     0.999951        38634     20480.00
   35225.599     1.000000        38634          inf
#[Mean    =    20300.686, StdDeviation   =     8123.073]
#[Max     =    35192.832, Total count    =        38634]
#[Buckets =           27, SubBuckets     =         2048]
-----------------------------------------------------------------------
  45227 requests in 1.00m, 12.24MB read
  Non-2xx or 3xx responses: 75
Requests/sec:    753.71  
Transfer/sec:    208.86KB
