Running 1m test @ http://nginx-thrift.social-network.svc.cluster.local:8080/wrk2-api/home-timeline/read
  2 threads and 100 connections

  Thread calibration: mean lat.: 186.207ms, rate sampling interval: 578ms
  Thread calibration: mean lat.: 179.331ms, rate sampling interval: 542ms

-----------------------------------------------------------------------
Test Results @ http://nginx-thrift.social-network.svc.cluster.local:8080/wrk2-api/home-timeline/read 
  Thread Stats   Avg      Stdev     99%   +/- Stdev
    Latency   150.99ms   48.44ms 305.41ms   74.27%
    Req/Sec   299.71     32.12   367.00     65.73%
  Latency Distribution (HdrHistogram - Recorded Latency)
 50.000%  139.01ms
 75.000%  176.26ms
 90.000%  218.24ms
 99.000%  305.41ms
 99.900%  376.32ms
 99.990%  431.61ms
 99.999%  460.29ms
100.000%  460.29ms

  Detailed Percentile spectrum:
       Value   Percentile   TotalCount 1/(1-Percentile)

      14.887     0.000000            1         1.00
     102.143     0.100000         3010         1.11
     112.127     0.200000         6010         1.25
     120.063     0.300000         9001         1.43
     128.959     0.400000        12008         1.67
     139.007     0.500000        14994         2.00
     144.511     0.550000        16515         2.22
     151.039     0.600000        18011         2.50
     157.951     0.650000        19507         2.86
     165.631     0.700000        20989         3.33
     176.255     0.750000        22487         4.00
     181.247     0.775000        23244         4.44
     186.751     0.800000        23989         5.00
     192.767     0.825000        24732         5.71
     200.575     0.850000        25490         6.67
     208.767     0.875000        26234         8.00
     213.631     0.887500        26614         8.89
     218.239     0.900000        26982        10.00
     223.999     0.912500        27365        11.43
     229.375     0.925000        27730        13.33
     237.055     0.937500        28107        16.00
     241.407     0.943750        28293        17.78
     245.631     0.950000        28482        20.00
     251.263     0.956250        28667        22.86
     256.895     0.962500        28863        26.67
     263.679     0.968750        29043        32.00
     267.775     0.971875        29137        35.56
     272.127     0.975000        29228        40.00
     277.247     0.978125        29323        45.71
     282.879     0.981250        29415        53.33
     289.023     0.984375        29513        64.00
     291.071     0.985938        29556        71.11
     298.239     0.987500        29602        80.00
     304.127     0.989062        29649        91.43
     309.247     0.990625        29695       106.67
     317.183     0.992188        29742       128.00
     320.767     0.992969        29766       142.22
     324.863     0.993750        29789       160.00
     329.215     0.994531        29813       182.86
     337.919     0.995313        29836       213.33
     343.807     0.996094        29859       256.00
     345.087     0.996484        29871       284.44
     347.903     0.996875        29884       320.00
     351.231     0.997266        29896       365.71
     354.559     0.997656        29907       426.67
     357.887     0.998047        29918       512.00
     360.959     0.998242        29924       568.89
     363.775     0.998437        29930       640.00
     367.871     0.998633        29936       731.43
     372.223     0.998828        29942       853.33
     377.087     0.999023        29947      1024.00
     379.391     0.999121        29950      1137.78
     380.927     0.999219        29953      1280.00
     383.487     0.999316        29956      1462.86
     385.279     0.999414        29961      1706.67
     386.047     0.999512        29962      2048.00
     389.119     0.999561        29963      2275.56
     393.471     0.999609        29966      2560.00
     393.471     0.999658        29966      2925.71
     397.567     0.999707        29968      3413.33
     404.735     0.999756        29969      4096.00
     406.271     0.999780        29970      4551.11
     406.527     0.999805        29971      5120.00
     406.527     0.999829        29971      5851.43
     431.103     0.999854        29972      6826.67
     431.615     0.999878        29973      8192.00
     431.615     0.999890        29973      9102.22
     440.319     0.999902        29974     10240.00
     440.319     0.999915        29974     11702.86
     440.319     0.999927        29974     13653.33
     456.447     0.999939        29975     16384.00
     456.447     0.999945        29975     18204.44
     456.447     0.999951        29975     20480.00
     456.447     0.999957        29975     23405.71
     456.447     0.999963        29975     27306.67
     460.287     0.999969        29976     32768.00
     460.287     1.000000        29976          inf
#[Mean    =      150.990, StdDeviation   =       48.443]
#[Max     =      460.032, Total count    =        29976]
#[Buckets =           27, SubBuckets     =         2048]
-----------------------------------------------------------------------
  35872 requests in 1.00m, 9.70MB read
  Non-2xx or 3xx responses: 11
Requests/sec:    597.45  
Transfer/sec:    165.44KB
