Running 1m test @ http://nginx-thrift.social-network.svc.cluster.local:8080/wrk2-api/home-timeline/read
  2 threads and 100 connections

  Thread calibration: mean lat.: 167.534ms, rate sampling interval: 496ms
  Thread calibration: mean lat.: 151.004ms, rate sampling interval: 427ms

-----------------------------------------------------------------------
Test Results @ http://nginx-thrift.social-network.svc.cluster.local:8080/wrk2-api/home-timeline/read 
  Thread Stats   Avg      Stdev     99%   +/- Stdev
    Latency   143.15ms   52.13ms 336.64ms   80.85%
    Req/Sec    74.99     44.70   117.00     74.19%
  Latency Distribution (HdrHistogram - Recorded Latency)
 50.000%  126.46ms
 75.000%  158.98ms
 90.000%  214.65ms
 99.000%  336.64ms
 99.900%  406.02ms
 99.990%  481.02ms
 99.999%  488.96ms
100.000%  488.96ms

  Detailed Percentile spectrum:
       Value   Percentile   TotalCount 1/(1-Percentile)

      41.823     0.000000            1         1.00
      97.919     0.100000          750         1.11
     106.943     0.200000         1501         1.25
     113.279     0.300000         2257         1.43
     119.487     0.400000         3003         1.67
     126.463     0.500000         3752         2.00
     130.175     0.550000         4129         2.22
     134.783     0.600000         4504         2.50
     141.439     0.650000         4880         2.86
     148.735     0.700000         5256         3.33
     158.975     0.750000         5630         4.00
     165.631     0.775000         5816         4.44
     174.207     0.800000         6000         5.00
     182.143     0.825000         6191         5.71
     191.231     0.850000         6375         6.67
     201.983     0.875000         6563         8.00
     208.767     0.887500         6657         8.89
     214.655     0.900000         6751        10.00
     221.439     0.912500         6846        11.43
     230.527     0.925000         6939        13.33
     240.895     0.937500         7032        16.00
     247.167     0.943750         7080        17.78
     252.543     0.950000         7125        20.00
     258.303     0.956250         7172        22.86
     268.799     0.962500         7219        26.67
     280.831     0.968750         7268        32.00
     285.183     0.971875         7291        35.56
     295.423     0.975000         7314        40.00
     304.639     0.978125         7339        45.71
     309.503     0.981250         7362        53.33
     315.647     0.984375         7383        64.00
     321.279     0.985938         7395        71.11
     327.423     0.987500         7407        80.00
     331.007     0.989062         7418        91.43
     340.223     0.990625         7439       106.67
     340.479     0.992188         7452       128.00
     340.479     0.992969         7452       142.22
     340.735     0.993750         7463       160.00
     340.735     0.994531         7463       182.86
     347.647     0.995313         7465       213.33
     350.463     0.996094         7471       256.00
     351.487     0.996484         7474       284.44
     354.047     0.996875         7477       320.00
     360.703     0.997266         7480       365.71
     360.959     0.997656         7483       426.67
     367.615     0.998047         7486       512.00
     368.895     0.998242         7487       568.89
     385.023     0.998437         7489       640.00
     389.375     0.998633         7490       731.43
     403.455     0.998828         7492       853.33
     406.015     0.999023         7493      1024.00
     441.599     0.999121         7494      1137.78
     448.255     0.999219         7496      1280.00
     448.255     0.999316         7496      1462.86
     448.255     0.999414         7496      1706.67
     469.759     0.999512         7497      2048.00
     469.759     0.999561         7497      2275.56
     475.903     0.999609         7498      2560.00
     475.903     0.999658         7498      2925.71
     475.903     0.999707         7498      3413.33
     481.023     0.999756         7499      4096.00
     481.023     0.999780         7499      4551.11
     481.023     0.999805         7499      5120.00
     481.023     0.999829         7499      5851.43
     481.023     0.999854         7499      6826.67
     488.959     0.999878         7500      8192.00
     488.959     1.000000         7500          inf
#[Mean    =      143.152, StdDeviation   =       52.132]
#[Max     =      488.704, Total count    =         7500]
#[Buckets =           27, SubBuckets     =         2048]
-----------------------------------------------------------------------
  8850 requests in 1.00m, 2.39MB read
  Non-2xx or 3xx responses: 11
Requests/sec:    147.36  
Transfer/sec:     40.80KB
