Running 1m test @ http://nginx-thrift.social-network.svc.cluster.local:8080/wrk2-api/home-timeline/read
  2 threads and 100 connections

  Thread calibration: mean lat.: 3440.923ms, rate sampling interval: 11509ms
  Thread calibration: mean lat.: 3427.887ms, rate sampling interval: 11493ms

-----------------------------------------------------------------------
Test Results @ http://nginx-thrift.social-network.svc.cluster.local:8080/wrk2-api/home-timeline/read 
  Thread Stats   Avg      Stdev     99%   +/- Stdev
    Latency    22.45s     8.71s   37.29s    58.90%
    Req/Sec   377.12     36.16   422.00     50.00%
  Latency Distribution (HdrHistogram - Recorded Latency)
 50.000%   21.74s 
 75.000%   30.23s 
 90.000%   34.64s 
 99.000%   37.29s 
 99.900%   38.24s 
 99.990%   38.50s 
 99.999%   38.67s 
100.000%   38.67s 

  Detailed Percentile spectrum:
       Value   Percentile   TotalCount 1/(1-Percentile)

    5885.951     0.000000            1         1.00
   10338.303     0.100000         3766         1.11
   14245.887     0.200000         7530         1.25
   17039.359     0.300000        11301         1.43
   19742.719     0.400000        15064         1.67
   21741.567     0.500000        18827         2.00
   22953.983     0.550000        20714         2.22
   24690.687     0.600000        22592         2.50
   26476.543     0.650000        24477         2.86
   28524.543     0.700000        26355         3.33
   30228.479     0.750000        28242         4.00
   31178.751     0.775000        29183         4.44
   31932.415     0.800000        30135         5.00
   32800.767     0.825000        31070         5.71
   33488.895     0.850000        32016         6.67
   34111.487     0.875000        32966         8.00
   34373.631     0.887500        33449         8.89
   34635.775     0.900000        33911        10.00
   34930.687     0.912500        34386        11.43
   35192.831     0.925000        34829        13.33
   35454.975     0.937500        35304        16.00
   35618.815     0.943750        35568        17.78
   35782.655     0.950000        35802        20.00
   35979.263     0.956250        36019        22.86
   36208.639     0.962500        36260        26.67
   36405.247     0.968750        36476        32.00
   36503.551     0.971875        36590        35.56
   36601.855     0.975000        36707        40.00
   36700.159     0.978125        36826        45.71
   36831.231     0.981250        36958        53.33
   36962.303     0.984375        37079        64.00
   37027.839     0.985938        37138        71.11
   37093.375     0.987500        37190        80.00
   37224.447     0.989062        37248        91.43
   37355.519     0.990625        37305       106.67
   37486.591     0.992188        37356       128.00
   37584.895     0.992969        37388       142.22
   37650.431     0.993750        37413       160.00
   37748.735     0.994531        37455       182.86
   37814.271     0.995313        37480       213.33
   37879.807     0.996094        37505       256.00
   37912.575     0.996484        37516       284.44
   37978.111     0.996875        37538       320.00
   38010.879     0.997266        37548       365.71
   38043.647     0.997656        37560       426.67
   38109.183     0.998047        37583       512.00
   38109.183     0.998242        37583       568.89
   38141.951     0.998437        37590       640.00
   38174.719     0.998633        37598       731.43
   38207.487     0.998828        37607       853.33
   38240.255     0.999023        37616      1024.00
   38240.255     0.999121        37616      1137.78
   38273.023     0.999219        37620      1280.00
   38305.791     0.999316        37625      1462.86
   38338.559     0.999414        37628      1706.67
   38371.327     0.999512        37632      2048.00
   38371.327     0.999561        37632      2275.56
   38404.095     0.999609        37639      2560.00
   38404.095     0.999658        37639      2925.71
   38404.095     0.999707        37639      3413.33
   38404.095     0.999756        37639      4096.00
   38436.863     0.999780        37642      4551.11
   38436.863     0.999805        37642      5120.00
   38436.863     0.999829        37642      5851.43
   38502.399     0.999854        37644      6826.67
   38502.399     0.999878        37644      8192.00
   38502.399     0.999890        37644      9102.22
   38535.167     0.999902        37645     10240.00
   38535.167     0.999915        37645     11702.86
   38600.703     0.999927        37647     13653.33
   38600.703     0.999939        37647     16384.00
   38600.703     0.999945        37647     18204.44
   38600.703     0.999951        37647     20480.00
   38600.703     0.999957        37647     23405.71
   38600.703     0.999963        37647     27306.67
   38600.703     0.999969        37647     32768.00
   38600.703     0.999973        37647     36408.89
   38666.239     0.999976        37648     40960.00
   38666.239     1.000000        37648          inf
#[Mean    =    22454.996, StdDeviation   =     8712.442]
#[Max     =    38633.472, Total count    =        37648]
#[Buckets =           27, SubBuckets     =         2048]
-----------------------------------------------------------------------
  44844 requests in 1.00m, 12.13MB read
  Non-2xx or 3xx responses: 67
Requests/sec:    747.36  
Transfer/sec:    207.08KB
