Running 1m test @ http://nginx-thrift.social-network.svc.cluster.local:8080/wrk2-api/home-timeline/read
  2 threads and 100 connections

  Thread calibration: mean lat.: 1011.209ms, rate sampling interval: 2840ms
  Thread calibration: mean lat.: 1018.385ms, rate sampling interval: 2897ms

-----------------------------------------------------------------------
Test Results @ http://nginx-thrift.social-network.svc.cluster.local:8080/wrk2-api/home-timeline/read 
  Thread Stats   Avg      Stdev     99%   +/- Stdev
    Latency   256.05ms  323.97ms   1.81s    92.19%
    Req/Sec   283.47     28.62   392.00     94.12%
  Latency Distribution (HdrHistogram - Recorded Latency)
 50.000%  150.78ms
 75.000%  227.71ms
 90.000%  412.42ms
 99.000%    1.81s 
 99.900%    2.29s 
 99.990%    2.48s 
 99.999%    2.52s 
100.000%    2.52s 

  Detailed Percentile spectrum:
       Value   Percentile   TotalCount 1/(1-Percentile)

      58.207     0.000000            1         1.00
     103.039     0.100000         2835         1.11
     114.495     0.200000         5688         1.25
     124.479     0.300000         8501         1.43
     136.063     0.400000        11346         1.67
     150.783     0.500000        14170         2.00
     161.151     0.550000        15586         2.22
     173.311     0.600000        17002         2.50
     187.647     0.650000        18418         2.86
     205.951     0.700000        19837         3.33
     227.711     0.750000        21252         4.00
     239.231     0.775000        21962         4.44
     254.463     0.800000        22668         5.00
     274.943     0.825000        23377         5.71
     303.359     0.850000        24084         6.67
     336.383     0.875000        24798         8.00
     366.847     0.887500        25149         8.89
     412.415     0.900000        25503        10.00
     482.303     0.912500        25855        11.43
     606.719     0.925000        26209        13.33
     804.863     0.937500        26568        16.00
     914.943     0.943750        26743        17.78
    1008.127     0.950000        26919        20.00
    1119.231     0.956250        27098        22.86
    1217.535     0.962500        27274        26.67
    1324.031     0.968750        27449        32.00
    1394.687     0.971875        27538        35.56
    1458.175     0.975000        27626        40.00
    1513.471     0.978125        27715        45.71
    1593.343     0.981250        27804        53.33
    1663.999     0.984375        27894        64.00
    1704.959     0.985938        27939        71.11
    1745.919     0.987500        27980        80.00
    1785.855     0.989062        28025        91.43
    1832.959     0.990625        28069       106.67
    1882.111     0.992188        28113       128.00
    1923.071     0.992969        28136       142.22
    1954.815     0.993750        28157       160.00
    1984.511     0.994531        28181       182.86
    2015.231     0.995313        28202       213.33
    2062.335     0.996094        28224       256.00
    2091.007     0.996484        28235       284.44
    2113.535     0.996875        28246       320.00
    2140.159     0.997266        28257       365.71
    2156.543     0.997656        28268       426.67
    2174.975     0.998047        28279       512.00
    2189.311     0.998242        28285       568.89
    2209.791     0.998437        28290       640.00
    2258.943     0.998633        28296       731.43
    2287.615     0.998828        28301       853.33
    2308.095     0.999023        28307      1024.00
    2310.143     0.999121        28310      1137.78
    2322.431     0.999219        28312      1280.00
    2326.527     0.999316        28315      1462.86
    2347.007     0.999414        28318      1706.67
    2369.535     0.999512        28321      2048.00
    2371.583     0.999561        28323      2275.56
    2371.583     0.999609        28323      2560.00
    2385.919     0.999658        28325      2925.71
    2392.063     0.999707        28326      3413.33
    2457.599     0.999756        28328      4096.00
    2457.599     0.999780        28328      4551.11
    2476.031     0.999805        28329      5120.00
    2478.079     0.999829        28331      5851.43
    2478.079     0.999854        28331      6826.67
    2478.079     0.999878        28331      8192.00
    2478.079     0.999890        28331      9102.22
    2488.319     0.999902        28332     10240.00
    2488.319     0.999915        28332     11702.86
    2488.319     0.999927        28332     13653.33
    2492.415     0.999939        28333     16384.00
    2492.415     0.999945        28333     18204.44
    2492.415     0.999951        28333     20480.00
    2492.415     0.999957        28333     23405.71
    2492.415     0.999963        28333     27306.67
    2516.991     0.999969        28334     32768.00
    2516.991     1.000000        28334          inf
#[Mean    =      256.050, StdDeviation   =      323.968]
#[Max     =     2514.944, Total count    =        28334]
#[Buckets =           27, SubBuckets     =         2048]
-----------------------------------------------------------------------
  32884 requests in 1.00m, 8.90MB read
  Non-2xx or 3xx responses: 55
Requests/sec:    547.86  
Transfer/sec:    151.78KB
