Running 1m test @ http://nginx-thrift.social-network.svc.cluster.local:8080/wrk2-api/home-timeline/read
  2 threads and 100 connections

  Thread calibration: mean lat.: 149.998ms, rate sampling interval: 420ms
  Thread calibration: mean lat.: 142.414ms, rate sampling interval: 408ms

-----------------------------------------------------------------------
Test Results @ http://nginx-thrift.social-network.svc.cluster.local:8080/wrk2-api/home-timeline/read 
  Thread Stats   Avg      Stdev     99%   +/- Stdev
    Latency   191.10ms  141.08ms 759.29ms   89.42%
    Req/Sec   247.26     47.55   369.00     75.52%
  Latency Distribution (HdrHistogram - Recorded Latency)
 50.000%  141.18ms
 75.000%  194.94ms
 90.000%  351.23ms
 99.000%  759.29ms
 99.900%  968.19ms
 99.990%    1.15s 
 99.999%    1.16s 
100.000%    1.16s 

  Detailed Percentile spectrum:
       Value   Percentile   TotalCount 1/(1-Percentile)

       9.887     0.000000            1         1.00
     101.951     0.100000         2482         1.11
     112.127     0.200000         4944         1.25
     120.383     0.300000         7410         1.43
     129.535     0.400000         9888         1.67
     141.183     0.500000        12352         2.00
     148.095     0.550000        13587         2.22
     156.415     0.600000        14827         2.50
     166.015     0.650000        16062         2.86
     178.047     0.700000        17290         3.33
     194.943     0.750000        18526         4.00
     204.159     0.775000        19138         4.44
     217.471     0.800000        19758         5.00
     233.215     0.825000        20373         5.71
     253.695     0.850000        20992         6.67
     288.511     0.875000        21611         8.00
     315.391     0.887500        21916         8.89
     351.231     0.900000        22227        10.00
     386.303     0.912500        22536        11.43
     433.151     0.925000        22842        13.33
     488.447     0.937500        23151        16.00
     517.375     0.943750        23308        17.78
     544.255     0.950000        23466        20.00
     567.807     0.956250        23621        22.86
     592.895     0.962500        23770        26.67
     634.367     0.968750        23926        32.00
     649.727     0.971875        24001        35.56
     666.623     0.975000        24080        40.00
     678.911     0.978125        24157        45.71
     692.735     0.981250        24233        53.33
     713.727     0.984375        24309        64.00
     724.479     0.985938        24347        71.11
     737.279     0.987500        24386        80.00
     748.543     0.989062        24424        91.43
     770.559     0.990625        24463       106.67
     791.039     0.992188        24503       128.00
     798.207     0.992969        24522       142.22
     816.639     0.993750        24540       160.00
     837.631     0.994531        24559       182.86
     852.479     0.995313        24579       213.33
     867.327     0.996094        24600       256.00
     878.079     0.996484        24609       284.44
     883.199     0.996875        24617       320.00
     886.783     0.997266        24627       365.71
     902.655     0.997656        24637       426.67
     927.231     0.998047        24646       512.00
     936.447     0.998242        24651       568.89
     937.983     0.998437        24656       640.00
     954.879     0.998633        24661       731.43
     964.095     0.998828        24666       853.33
     968.703     0.999023        24671      1024.00
     976.383     0.999121        24674      1137.78
     976.895     0.999219        24675      1280.00
     985.599     0.999316        24678      1462.86
    1006.591     0.999414        24680      1706.67
    1041.407     0.999512        24682      2048.00
    1061.887     0.999561        24684      2275.56
    1067.007     0.999609        24685      2560.00
    1070.079     0.999658        24686      2925.71
    1090.559     0.999707        24687      3413.33
    1098.751     0.999756        24688      4096.00
    1114.111     0.999780        24689      4551.11
    1128.447     0.999805        24690      5120.00
    1128.447     0.999829        24690      5851.43
    1137.663     0.999854        24691      6826.67
    1137.663     0.999878        24691      8192.00
    1148.927     0.999890        24692      9102.22
    1148.927     0.999902        24692     10240.00
    1148.927     0.999915        24692     11702.86
    1150.975     0.999927        24693     13653.33
    1150.975     0.999939        24693     16384.00
    1150.975     0.999945        24693     18204.44
    1150.975     0.999951        24693     20480.00
    1150.975     0.999957        24693     23405.71
    1160.191     0.999963        24694     27306.67
    1160.191     1.000000        24694          inf
#[Mean    =      191.104, StdDeviation   =      141.076]
#[Max     =     1159.168, Total count    =        24694]
#[Buckets =           27, SubBuckets     =         2048]
-----------------------------------------------------------------------
  29345 requests in 1.00m, 7.94MB read
  Non-2xx or 3xx responses: 12
Requests/sec:    488.74  
Transfer/sec:    135.34KB
