Running 1m test @ http://nginx-thrift.social-network.svc.cluster.local:8080/wrk2-api/home-timeline/read
  2 threads and 100 connections

  Thread calibration: mean lat.: 170.585ms, rate sampling interval: 551ms
  Thread calibration: mean lat.: 168.857ms, rate sampling interval: 540ms

-----------------------------------------------------------------------
Test Results @ http://nginx-thrift.social-network.svc.cluster.local:8080/wrk2-api/home-timeline/read 
  Thread Stats   Avg      Stdev     99%   +/- Stdev
    Latency   143.87ms   46.69ms 291.58ms   76.49%
    Req/Sec   149.69     32.99   185.00     69.23%
  Latency Distribution (HdrHistogram - Recorded Latency)
 50.000%  131.20ms
 75.000%  167.04ms
 90.000%  205.57ms
 99.000%  291.58ms
 99.900%  390.14ms
 99.990%  406.78ms
 99.999%  439.04ms
100.000%  439.04ms

  Detailed Percentile spectrum:
       Value   Percentile   TotalCount 1/(1-Percentile)

      55.103     0.000000            1         1.00
      98.303     0.100000         1507         1.11
     107.007     0.200000         3008         1.25
     114.815     0.300000         4508         1.43
     122.751     0.400000         6007         1.67
     131.199     0.500000         7503         2.00
     136.319     0.550000         8258         2.22
     142.207     0.600000         9006         2.50
     149.119     0.650000         9763         2.86
     157.183     0.700000        10502         3.33
     167.039     0.750000        11253         4.00
     172.927     0.775000        11637         4.44
     178.175     0.800000        12003         5.00
     183.551     0.825000        12379         5.71
     188.799     0.850000        12755         6.67
     196.223     0.875000        13125         8.00
     200.575     0.887500        13314         8.89
     205.567     0.900000        13500        10.00
     210.559     0.912500        13690        11.43
     216.191     0.925000        13883        13.33
     222.719     0.937500        14063        16.00
     227.583     0.943750        14161        17.78
     232.831     0.950000        14253        20.00
     238.975     0.956250        14346        22.86
     246.783     0.962500        14439        26.67
     255.487     0.968750        14532        32.00
     261.503     0.971875        14579        35.56
     265.471     0.975000        14627        40.00
     271.103     0.978125        14674        45.71
     275.711     0.981250        14720        53.33
     282.367     0.984375        14766        64.00
     285.183     0.985938        14791        71.11
     287.743     0.987500        14816        80.00
     289.279     0.989062        14836        91.43
     293.887     0.990625        14861       106.67
     300.799     0.992188        14883       128.00
     307.199     0.992969        14895       142.22
     314.879     0.993750        14908       160.00
     320.255     0.994531        14919       182.86
     332.799     0.995313        14930       213.33
     350.975     0.996094        14942       256.00
     375.295     0.996484        14948       284.44
     386.047     0.996875        14955       320.00
     388.351     0.997266        14959       365.71
     389.119     0.997656        14968       426.67
     389.375     0.998047        14971       512.00
     389.631     0.998242        14974       568.89
     389.887     0.998437        14984       640.00
     389.887     0.998633        14984       731.43
     389.887     0.998828        14984       853.33
     390.143     0.999023        14987      1024.00
     390.143     0.999121        14987      1137.78
     390.399     0.999219        14990      1280.00
     390.399     0.999316        14990      1462.86
     397.311     0.999414        14992      1706.67
     404.223     0.999512        14994      2048.00
     404.223     0.999561        14994      2275.56
     404.991     0.999609        14995      2560.00
     404.991     0.999658        14995      2925.71
     405.503     0.999707        14996      3413.33
     406.015     0.999756        14997      4096.00
     406.015     0.999780        14997      4551.11
     406.783     0.999805        14998      5120.00
     406.783     0.999829        14998      5851.43
     406.783     0.999854        14998      6826.67
     432.383     0.999878        14999      8192.00
     432.383     0.999890        14999      9102.22
     432.383     0.999902        14999     10240.00
     432.383     0.999915        14999     11702.86
     432.383     0.999927        14999     13653.33
     439.039     0.999939        15000     16384.00
     439.039     1.000000        15000          inf
#[Mean    =      143.875, StdDeviation   =       46.687]
#[Max     =      438.784, Total count    =        15000]
#[Buckets =           27, SubBuckets     =         2048]
-----------------------------------------------------------------------
  17900 requests in 1.00m, 4.84MB read
Requests/sec:    298.07  
Transfer/sec:     82.52KB
