Running 1m test @ http://nginx-thrift.social-network.svc.cluster.local:8080/wrk2-api/home-timeline/read
  2 threads and 100 connections

  Thread calibration: mean lat.: 2871.373ms, rate sampling interval: 10084ms
  Thread calibration: mean lat.: 2853.589ms, rate sampling interval: 9994ms

-----------------------------------------------------------------------
Test Results @ http://nginx-thrift.social-network.svc.cluster.local:8080/wrk2-api/home-timeline/read 
  Thread Stats   Avg      Stdev     99%   +/- Stdev
    Latency    15.84s     5.62s   24.43s    56.97%
    Req/Sec   362.25     19.59   397.00     75.00%
  Latency Distribution (HdrHistogram - Recorded Latency)
 50.000%   16.72s 
 75.000%   20.84s 
 90.000%   22.97s 
 99.000%   24.43s 
 99.900%   25.05s 
 99.990%   25.46s 
 99.999%   25.61s 
100.000%   25.61s 

  Detailed Percentile spectrum:
       Value   Percentile   TotalCount 1/(1-Percentile)

    5025.791     0.000000            1         1.00
    7839.743     0.100000         3734         1.11
    9863.167     0.200000         7448         1.25
   11485.183     0.300000        11174         1.43
   14417.919     0.400000        14906         1.67
   16719.871     0.500000        18627         2.00
   17711.103     0.550000        20508         2.22
   18563.071     0.600000        22341         2.50
   19283.967     0.650000        24231         2.86
   20201.471     0.700000        26119         3.33
   20840.447     0.750000        27956         4.00
   21233.663     0.775000        28888         4.44
   21643.263     0.800000        29808         5.00
   21954.559     0.825000        30741         5.71
   22249.471     0.850000        31678         6.67
   22593.535     0.875000        32619         8.00
   22773.759     0.887500        33054         8.89
   22970.367     0.900000        33539        10.00
   23134.207     0.912500        33982        11.43
   23298.047     0.925000        34447        13.33
   23478.271     0.937500        34939        16.00
   23560.191     0.943750        35165        17.78
   23658.495     0.950000        35418        20.00
   23740.415     0.956250        35615        22.86
   23855.103     0.962500        35873        26.67
   23953.407     0.968750        36090        32.00
   24002.559     0.971875        36190        35.56
   24068.095     0.975000        36314        40.00
   24133.631     0.978125        36431        45.71
   24215.551     0.981250        36559        53.33
   24281.087     0.984375        36662        64.00
   24313.855     0.985938        36720        71.11
   24346.623     0.987500        36773        80.00
   24412.159     0.989062        36854        91.43
   24461.311     0.990625        36893       106.67
   24510.463     0.992188        36957       128.00
   24543.231     0.992969        36982       142.22
   24575.999     0.993750        37009       160.00
   24608.767     0.994531        37046       182.86
   24641.535     0.995313        37067       213.33
   24690.687     0.996094        37101       256.00
   24707.071     0.996484        37108       284.44
   24723.455     0.996875        37122       320.00
   24772.607     0.997266        37138       365.71
   24805.375     0.997656        37151       426.67
   24854.527     0.998047        37163       512.00
   24870.911     0.998242        37171       568.89
   24887.295     0.998437        37177       640.00
   24936.447     0.998633        37187       731.43
   25001.983     0.998828        37192       853.33
   25051.135     0.999023        37200      1024.00
   25083.903     0.999121        37203      1137.78
   25100.287     0.999219        37207      1280.00
   25133.055     0.999316        37210      1462.86
   25165.823     0.999414        37214      1706.67
   25247.743     0.999512        37218      2048.00
   25264.127     0.999561        37219      2275.56
   25296.895     0.999609        37221      2560.00
   25313.279     0.999658        37224      2925.71
   25378.815     0.999707        37225      3413.33
   25395.199     0.999756        37227      4096.00
   25395.199     0.999780        37227      4551.11
   25427.967     0.999805        37228      5120.00
   25444.351     0.999829        37229      5851.43
   25460.735     0.999854        37231      6826.67
   25460.735     0.999878        37231      8192.00
   25460.735     0.999890        37231      9102.22
   25477.119     0.999902        37233     10240.00
   25477.119     0.999915        37233     11702.86
   25477.119     0.999927        37233     13653.33
   25477.119     0.999939        37233     16384.00
   25477.119     0.999945        37233     18204.44
   25575.423     0.999951        37234     20480.00
   25575.423     0.999957        37234     23405.71
   25575.423     0.999963        37234     27306.67
   25575.423     0.999969        37234     32768.00
   25575.423     0.999973        37234     36408.89
   25608.191     0.999976        37235     40960.00
   25608.191     1.000000        37235          inf
#[Mean    =    15838.565, StdDeviation   =     5615.584]
#[Max     =    25591.808, Total count    =        37235]
#[Buckets =           27, SubBuckets     =         2048]
-----------------------------------------------------------------------
  42651 requests in 1.00m, 11.54MB read
  Non-2xx or 3xx responses: 36
Requests/sec:    710.85  
Transfer/sec:    196.97KB
