Running 1m test @ http://nginx-thrift.social-network.svc.cluster.local:8080/wrk2-api/home-timeline/read
  2 threads and 100 connections

  Thread calibration: mean lat.: 147.621ms, rate sampling interval: 436ms
  Thread calibration: mean lat.: 152.660ms, rate sampling interval: 454ms

-----------------------------------------------------------------------
Test Results @ http://nginx-thrift.social-network.svc.cluster.local:8080/wrk2-api/home-timeline/read 
  Thread Stats   Avg      Stdev     99%   +/- Stdev
    Latency   162.14ms   73.07ms 455.68ms   84.07%
    Req/Sec   174.27     41.47   247.00     59.38%
  Latency Distribution (HdrHistogram - Recorded Latency)
 50.000%  138.37ms
 75.000%  183.68ms
 90.000%  257.15ms
 99.000%  455.68ms
 99.900%  587.26ms
 99.990%  654.34ms
 99.999%  658.43ms
100.000%  658.43ms

  Detailed Percentile spectrum:
       Value   Percentile   TotalCount 1/(1-Percentile)

      19.599     0.000000            1         1.00
     101.375     0.100000         1751         1.11
     110.783     0.200000         3494         1.25
     119.615     0.300000         5249         1.43
     128.767     0.400000         6989         1.67
     138.367     0.500000         8725         2.00
     143.871     0.550000         9589         2.22
     150.783     0.600000        10457         2.50
     159.743     0.650000        11337         2.86
     169.727     0.700000        12202         3.33
     183.679     0.750000        13076         4.00
     193.279     0.775000        13513         4.44
     204.031     0.800000        13943         5.00
     214.911     0.825000        14381         5.71
     225.023     0.850000        14816         6.67
     238.719     0.875000        15251         8.00
     247.679     0.887500        15470         8.89
     257.279     0.900000        15691        10.00
     265.215     0.912500        15907        11.43
     278.271     0.925000        16123        13.33
     293.119     0.937500        16339        16.00
     301.311     0.943750        16451        17.78
     311.039     0.950000        16557        20.00
     326.399     0.956250        16666        22.86
     335.359     0.962500        16777        26.67
     348.415     0.968750        16884        32.00
     360.191     0.971875        16942        35.56
     365.823     0.975000        16994        40.00
     371.967     0.978125        17051        45.71
     382.719     0.981250        17104        53.33
     402.175     0.984375        17157        64.00
     413.695     0.985938        17184        71.11
     421.375     0.987500        17211        80.00
     446.975     0.989062        17238        91.43
     456.191     0.990625        17269       106.67
     456.959     0.992188        17292       128.00
     472.063     0.992969        17306       142.22
     475.135     0.993750        17320       160.00
     483.327     0.994531        17333       182.86
     489.471     0.995313        17347       213.33
     495.871     0.996094        17360       256.00
     502.783     0.996484        17367       284.44
     511.743     0.996875        17374       320.00
     569.343     0.997266        17387       365.71
     569.855     0.997656        17391       426.67
     570.879     0.998047        17400       512.00
     570.879     0.998242        17400       568.89
     571.391     0.998437        17401       640.00
     583.679     0.998633        17405       731.43
     587.263     0.998828        17411       853.33
     587.263     0.999023        17411      1024.00
     587.775     0.999121        17415      1137.78
     587.775     0.999219        17415      1280.00
     588.287     0.999316        17417      1462.86
     621.567     0.999414        17418      1706.67
     633.343     0.999512        17420      2048.00
     638.463     0.999561        17421      2275.56
     639.487     0.999609        17422      2560.00
     647.679     0.999658        17423      2925.71
     647.679     0.999707        17423      3413.33
     652.799     0.999756        17424      4096.00
     653.311     0.999780        17425      4551.11
     653.311     0.999805        17425      5120.00
     654.335     0.999829        17426      5851.43
     654.335     0.999854        17426      6826.67
     654.335     0.999878        17426      8192.00
     657.407     0.999890        17427      9102.22
     657.407     0.999902        17427     10240.00
     657.407     0.999915        17427     11702.86
     657.407     0.999927        17427     13653.33
     657.407     0.999939        17427     16384.00
     658.431     0.999945        17428     18204.44
     658.431     1.000000        17428          inf
#[Mean    =      162.140, StdDeviation   =       73.075]
#[Max     =      657.920, Total count    =        17428]
#[Buckets =           27, SubBuckets     =         2048]
-----------------------------------------------------------------------
  20828 requests in 1.00m, 5.63MB read
  Non-2xx or 3xx responses: 9
Requests/sec:    346.83  
Transfer/sec:     96.05KB
