Running 1m test @ http://nginx-thrift.social-network.svc.cluster.local:8080/wrk2-api/home-timeline/read
  2 threads and 100 connections

  Thread calibration: mean lat.: 145.793ms, rate sampling interval: 416ms
  Thread calibration: mean lat.: 141.192ms, rate sampling interval: 390ms

-----------------------------------------------------------------------
Test Results @ http://nginx-thrift.social-network.svc.cluster.local:8080/wrk2-api/home-timeline/read 
  Thread Stats   Avg      Stdev     99%   +/- Stdev
    Latency   141.13ms   46.44ms 304.38ms   79.20%
    Req/Sec   124.90     22.76   187.00     79.03%
  Latency Distribution (HdrHistogram - Recorded Latency)
 50.000%  129.09ms
 75.000%  160.13ms
 90.000%  199.93ms
 99.000%  304.38ms
 99.900%  415.74ms
 99.990%  484.10ms
 99.999%  506.37ms
100.000%  506.37ms

  Detailed Percentile spectrum:
       Value   Percentile   TotalCount 1/(1-Percentile)

      10.951     0.000000            1         1.00
      97.727     0.100000         1252         1.11
     106.559     0.200000         2502         1.25
     114.175     0.300000         3758         1.43
     121.023     0.400000         5005         1.67
     129.087     0.500000         6252         2.00
     133.631     0.550000         6876         2.22
     138.879     0.600000         7510         2.50
     144.383     0.650000         8128         2.86
     151.807     0.700000         8757         3.33
     160.127     0.750000         9382         4.00
     164.735     0.775000         9697         4.44
     169.599     0.800000        10002         5.00
     175.103     0.825000        10319         5.71
     181.119     0.850000        10629         6.67
     189.951     0.875000        10941         8.00
     194.431     0.887500        11094         8.89
     199.935     0.900000        11251        10.00
     206.335     0.912500        11407        11.43
     214.655     0.925000        11563        13.33
     221.439     0.937500        11720        16.00
     226.815     0.943750        11797        17.78
     232.063     0.950000        11878        20.00
     236.927     0.956250        11955        22.86
     242.175     0.962500        12032        26.67
     253.567     0.968750        12111        32.00
     260.351     0.971875        12149        35.56
     267.775     0.975000        12189        40.00
     273.151     0.978125        12227        45.71
     279.807     0.981250        12266        53.33
     289.535     0.984375        12305        64.00
     293.119     0.985938        12333        71.11
     293.631     0.987500        12353        80.00
     300.287     0.989062        12364        91.43
     305.919     0.990625        12383       106.67
     319.487     0.992188        12403       128.00
     325.887     0.992969        12413       142.22
     329.215     0.993750        12422       160.00
     333.567     0.994531        12432       182.86
     339.711     0.995313        12442       213.33
     351.743     0.996094        12452       256.00
     355.327     0.996484        12457       284.44
     359.679     0.996875        12461       320.00
     363.775     0.997266        12466       365.71
     370.431     0.997656        12471       426.67
     382.719     0.998047        12476       512.00
     397.055     0.998242        12479       568.89
     404.479     0.998437        12481       640.00
     408.575     0.998633        12483       731.43
     413.439     0.998828        12486       853.33
     415.743     0.999023        12488      1024.00
     418.815     0.999121        12490      1137.78
     422.911     0.999219        12491      1280.00
     423.935     0.999316        12492      1462.86
     427.775     0.999414        12493      1706.67
     431.103     0.999512        12494      2048.00
     443.903     0.999561        12495      2275.56
     444.671     0.999609        12496      2560.00
     444.671     0.999658        12496      2925.71
     444.927     0.999707        12497      3413.33
     444.927     0.999756        12497      4096.00
     477.183     0.999780        12498      4551.11
     477.183     0.999805        12498      5120.00
     477.183     0.999829        12498      5851.43
     484.095     0.999854        12499      6826.67
     484.095     0.999878        12499      8192.00
     484.095     0.999890        12499      9102.22
     484.095     0.999902        12499     10240.00
     484.095     0.999915        12499     11702.86
     506.367     0.999927        12500     13653.33
     506.367     1.000000        12500          inf
#[Mean    =      141.125, StdDeviation   =       46.443]
#[Max     =      506.112, Total count    =        12500]
#[Buckets =           27, SubBuckets     =         2048]
-----------------------------------------------------------------------
  14900 requests in 1.00m, 4.03MB read
  Non-2xx or 3xx responses: 17
Requests/sec:    247.98  
Transfer/sec:     68.66KB
