Running 1m test @ http://nginx-thrift.social-network.svc.cluster.local:8080/wrk2-api/home-timeline/read
  2 threads and 100 connections

  Thread calibration: mean lat.: 2120.866ms, rate sampling interval: 6246ms
  Thread calibration: mean lat.: 2133.660ms, rate sampling interval: 6316ms

-----------------------------------------------------------------------
Test Results @ http://nginx-thrift.social-network.svc.cluster.local:8080/wrk2-api/home-timeline/read 
  Thread Stats   Avg      Stdev     99%   +/- Stdev
    Latency     9.41s     2.85s   13.90s    68.22%
    Req/Sec   357.20     28.68   408.00     66.67%
  Latency Distribution (HdrHistogram - Recorded Latency)
 50.000%   10.17s 
 75.000%   11.67s 
 90.000%   12.55s 
 99.000%   13.90s 
 99.900%   14.70s 
 99.990%   15.04s 
 99.999%   15.25s 
100.000%   15.25s 

  Detailed Percentile spectrum:
       Value   Percentile   TotalCount 1/(1-Percentile)

    2760.703     0.000000            2         1.00
    4734.975     0.100000         3564         1.11
    6750.207     0.200000         7127         1.25
    7643.135     0.300000        10691         1.43
    9420.799     0.400000        14273         1.67
   10174.463     0.500000        17825         2.00
   10575.871     0.550000        19590         2.22
   10903.551     0.600000        21394         2.50
   11165.695     0.650000        23183         2.86
   11419.647     0.700000        24927         3.33
   11665.407     0.750000        26711         4.00
   11796.479     0.775000        27619         4.44
   11911.167     0.800000        28530         5.00
   12034.047     0.825000        29390         5.71
   12181.503     0.850000        30294         6.67
   12345.343     0.875000        31176         8.00
   12435.455     0.887500        31608         8.89
   12550.143     0.900000        32063        10.00
   12664.831     0.912500        32512        11.43
   12787.711     0.925000        32946        13.33
   12918.783     0.937500        33381        16.00
   13008.895     0.943750        33622        17.78
   13082.623     0.950000        33837        20.00
   13172.735     0.956250        34061        22.86
   13271.039     0.962500        34276        26.67
   13402.111     0.968750        34498        32.00
   13467.647     0.971875        34608        35.56
   13541.375     0.975000        34728        40.00
   13598.719     0.978125        34840        45.71
   13664.255     0.981250        34944        53.33
   13729.791     0.984375        35057        64.00
   13778.943     0.985938        35115        71.11
   13819.903     0.987500        35169        80.00
   13869.055     0.989062        35218        91.43
   13926.399     0.990625        35273       106.67
   13983.743     0.992188        35329       128.00
   14024.703     0.992969        35360       142.22
   14057.471     0.993750        35388       160.00
   14098.431     0.994531        35413       182.86
   14147.583     0.995313        35444       213.33
   14204.927     0.996094        35467       256.00
   14237.695     0.996484        35482       284.44
   14270.463     0.996875        35499       320.00
   14327.807     0.997266        35511       365.71
   14360.575     0.997656        35523       426.67
   14417.919     0.998047        35537       512.00
   14450.687     0.998242        35546       568.89
   14483.455     0.998437        35552       640.00
   14581.759     0.998633        35559       731.43
   14639.103     0.998828        35565       853.33
   14721.023     0.999023        35572      1024.00
   14745.599     0.999121        35575      1137.78
   14770.175     0.999219        35579      1280.00
   14819.327     0.999316        35582      1462.86
   14884.863     0.999414        35587      1706.67
   14909.439     0.999512        35590      2048.00
   14950.399     0.999561        35591      2275.56
   14983.167     0.999609        35594      2560.00
   14983.167     0.999658        35594      2925.71
   14991.359     0.999707        35597      3413.33
   14999.551     0.999756        35598      4096.00
   15024.127     0.999780        35600      4551.11
   15024.127     0.999805        35600      5120.00
   15024.127     0.999829        35600      5851.43
   15032.319     0.999854        35601      6826.67
   15040.511     0.999878        35602      8192.00
   15106.047     0.999890        35604      9102.22
   15106.047     0.999902        35604     10240.00
   15106.047     0.999915        35604     11702.86
   15106.047     0.999927        35604     13653.33
   15106.047     0.999939        35604     16384.00
   15122.431     0.999945        35605     18204.44
   15122.431     0.999951        35605     20480.00
   15122.431     0.999957        35605     23405.71
   15122.431     0.999963        35605     27306.67
   15122.431     0.999969        35605     32768.00
   15253.503     0.999973        35606     36408.89
   15253.503     1.000000        35606          inf
#[Mean    =     9408.899, StdDeviation   =     2852.340]
#[Max     =    15245.312, Total count    =        35606]
#[Buckets =           27, SubBuckets     =         2048]
-----------------------------------------------------------------------
  41432 requests in 1.00m, 11.21MB read
  Non-2xx or 3xx responses: 103
Requests/sec:    690.22  
Transfer/sec:    191.28KB
