Running 5m test @ http://nginx-thrift.social-network.svc.cluster.local:8080/wrk2-api/home-timeline/read
  2 threads and 100 connections

  Thread calibration: mean lat.: 106.610ms, rate sampling interval: 290ms
  Thread calibration: mean lat.: 108.399ms, rate sampling interval: 301ms

-----------------------------------------------------------------------
Test Results @ http://nginx-thrift.social-network.svc.cluster.local:8080/wrk2-api/home-timeline/read 
  Thread Stats   Avg      Stdev     99%   +/- Stdev
    Latency   357.97ms    1.39s    8.77s    96.24%
    Req/Sec    74.34     18.19   121.00     72.94%
  Latency Distribution (HdrHistogram - Recorded Latency)
 50.000%   97.21ms
 75.000%  109.44ms
 90.000%  166.01ms
 99.000%    8.77s 
 99.900%   14.37s 
 99.990%   17.63s 
 99.999%   19.01s 
100.000%   19.01s 

  Detailed Percentile spectrum:
       Value   Percentile   TotalCount 1/(1-Percentile)

      68.927     0.000000            1         1.00
      85.759     0.100000         4335         1.11
      89.343     0.200000         8665         1.25
      92.095     0.300000        13033         1.43
      94.591     0.400000        17366         1.67
      97.215     0.500000        21697         2.00
      98.623     0.550000        23872         2.22
     100.223     0.600000        25991         2.50
     102.207     0.650000        28146         2.86
     104.831     0.700000        30313         3.33
     109.439     0.750000        32493         4.00
     114.239     0.775000        33559         4.44
     122.047     0.800000        34639         5.00
     131.583     0.825000        35730         5.71
     141.823     0.850000        36815         6.67
     153.343     0.875000        37890         8.00
     159.615     0.887500        38434         8.89
     166.015     0.900000        38978        10.00
     175.103     0.912500        39510        11.43
     187.903     0.925000        40054        13.33
     208.383     0.937500        40592        16.00
     227.967     0.943750        40863        17.78
     261.503     0.950000        41135        20.00
     364.799     0.956250        41404        22.86
    1763.327     0.962500        41676        26.67
    3254.271     0.968750        41945        32.00
    4134.911     0.971875        42082        35.56
    4927.487     0.975000        42217        40.00
    5754.879     0.978125        42351        45.71
    6533.119     0.981250        42487        53.33
    7278.591     0.984375        42622        64.00
    7704.575     0.985938        42690        71.11
    8146.943     0.987500        42757        80.00
    8601.599     0.989062        42827        91.43
    8937.471     0.990625        42894       106.67
    9289.727     0.992188        42961       128.00
    9494.527     0.992969        42995       142.22
    9707.519     0.993750        43028       160.00
    9912.319     0.994531        43062       182.86
   10018.815     0.995313        43137       213.33
   10018.815     0.996094        43137       256.00
   10027.007     0.996484        43168       284.44
   10027.007     0.996875        43168       320.00
   10084.351     0.997266        43183       365.71
   10166.271     0.997656        43197       426.67
   11419.647     0.998047        43214       512.00
   11902.975     0.998242        43222       568.89
   12795.903     0.998437        43231       640.00
   13058.047     0.998633        43239       731.43
   13623.295     0.998828        43248       853.33
   14368.767     0.999023        43256      1024.00
   14548.991     0.999121        43260      1137.78
   14942.207     0.999219        43265      1280.00
   15015.935     0.999316        43269      1462.86
   15147.007     0.999414        43273      1706.67
   15441.919     0.999512        43277      2048.00
   16015.359     0.999561        43279      2275.56
   16252.927     0.999609        43282      2560.00
   16441.343     0.999658        43284      2925.71
   16596.991     0.999707        43286      3413.33
   17170.431     0.999756        43288      4096.00
   17301.503     0.999780        43289      4551.11
   17416.191     0.999805        43290      5120.00
   17465.343     0.999829        43291      5851.43
   17498.111     0.999854        43292      6826.67
   17612.799     0.999878        43293      8192.00
   17629.183     0.999890        43294      9102.22
   17629.183     0.999902        43294     10240.00
   17645.567     0.999915        43295     11702.86
   17645.567     0.999927        43295     13653.33
   17760.255     0.999939        43296     16384.00
   17760.255     0.999945        43296     18204.44
   17760.255     0.999951        43296     20480.00
   18743.295     0.999957        43297     23405.71
   18743.295     0.999963        43297     27306.67
   18743.295     0.999969        43297     32768.00
   18743.295     0.999973        43297     36408.89
   18743.295     0.999976        43297     40960.00
   19005.439     0.999979        43298     46811.43
   19005.439     1.000000        43298          inf
#[Mean    =      357.975, StdDeviation   =     1387.487]
#[Max     =    18989.056, Total count    =        43298]
#[Buckets =           27, SubBuckets     =         2048]
-----------------------------------------------------------------------
  44762 requests in 5.00m, 12.10MB read
  Socket errors: connect 0, read 0, write 0, timeout 720
  Non-2xx or 3xx responses: 102
Requests/sec:    149.20  
Transfer/sec:     41.29KB
