Running 5m test @ http://nginx-thrift.social-network.svc.cluster.local:8080/wrk2-api/home-timeline/read
  2 threads and 100 connections

  Thread calibration: mean lat.: 114.795ms, rate sampling interval: 329ms
  Thread calibration: mean lat.: 111.771ms, rate sampling interval: 325ms

-----------------------------------------------------------------------
Test Results @ http://nginx-thrift.social-network.svc.cluster.local:8080/wrk2-api/home-timeline/read 
  Thread Stats   Avg      Stdev     99%   +/- Stdev
    Latency   645.06ms    1.98s    9.72s    92.81%
    Req/Sec   149.68     29.18   224.00     73.65%
  Latency Distribution (HdrHistogram - Recorded Latency)
 50.000%  103.36ms
 75.000%  160.90ms
 90.000%  365.05ms
 99.000%    9.72s 
 99.900%   18.92s 
 99.990%   25.33s 
 99.999%   27.25s 
100.000%   27.51s 

  Detailed Percentile spectrum:
       Value   Percentile   TotalCount 1/(1-Percentile)

      68.863     0.000000            1         1.00
      87.359     0.100000         8700         1.11
      91.455     0.200000        17477         1.25
      94.847     0.300000        26113         1.43
      98.495     0.400000        34865         1.67
     103.359     0.500000        43497         2.00
     107.711     0.550000        47828         2.22
     117.183     0.600000        52181         2.50
     130.623     0.650000        56524         2.86
     145.279     0.700000        60888         3.33
     160.895     0.750000        65247         4.00
     169.471     0.775000        67400         4.44
     180.479     0.800000        69563         5.00
     197.247     0.825000        71737         5.71
     221.695     0.850000        73912         6.67
     260.735     0.875000        76081         8.00
     294.911     0.887500        77171         8.89
     365.311     0.900000        78255        10.00
     706.559     0.912500        79339        11.43
    2297.855     0.925000        80427        13.33
    3678.207     0.937500        81514        16.00
    4386.815     0.943750        82058        17.78
    5038.079     0.950000        82602        20.00
    5754.879     0.956250        83148        22.86
    6471.679     0.962500        83688        26.67
    7245.823     0.968750        84231        32.00
    7606.271     0.971875        84503        35.56
    7946.239     0.975000        84774        40.00
    8306.687     0.978125        85045        45.71
    8650.751     0.981250        85320        53.33
    9052.159     0.984375        85588        64.00
    9224.191     0.985938        85726        71.11
    9420.799     0.987500        85860        80.00
    9617.407     0.989062        86002        91.43
    9789.439     0.990625        86135       106.67
    9953.279     0.992188        86269       128.00
   10018.815     0.992969        86412       142.22
   10018.815     0.993750        86412       160.00
   10035.199     0.994531        86472       182.86
   10108.927     0.995313        86539       213.33
   10665.983     0.996094        86607       256.00
   11141.119     0.996484        86641       284.44
   12238.847     0.996875        86675       320.00
   13197.311     0.997266        86709       365.71
   14696.447     0.997656        86743       426.67
   16277.503     0.998047        86777       512.00
   17121.279     0.998242        86794       568.89
   17612.799     0.998437        86811       640.00
   18169.855     0.998633        86828       731.43
   18595.839     0.998828        86847       853.33
   18972.671     0.999023        86862      1024.00
   19283.967     0.999121        86872      1137.78
   19562.495     0.999219        86879      1280.00
   19841.023     0.999316        86887      1462.86
   20168.703     0.999414        86896      1706.67
   20824.063     0.999512        86904      2048.00
   20987.903     0.999561        86908      2275.56
   21266.431     0.999609        86913      2560.00
   22052.863     0.999658        86917      2925.71
   23035.903     0.999707        86921      3413.33
   23150.591     0.999756        86925      4096.00
   23248.895     0.999780        86927      4551.11
   23576.575     0.999805        86930      5120.00
   24248.319     0.999829        86932      5851.43
   24625.151     0.999854        86934      6826.67
   25313.279     0.999878        86936      8192.00
   25329.663     0.999890        86937      9102.22
   25411.583     0.999902        86938     10240.00
   25444.351     0.999915        86939     11702.86
   25477.119     0.999927        86940     13653.33
   26623.999     0.999939        86941     16384.00
   26673.151     0.999945        86943     18204.44
   26673.151     0.999951        86943     20480.00
   26673.151     0.999957        86943     23405.71
   26673.151     0.999963        86943     27306.67
   27082.751     0.999969        86944     32768.00
   27082.751     0.999973        86944     36408.89
   27082.751     0.999976        86944     40960.00
   27246.591     0.999979        86945     46811.43
   27246.591     0.999982        86945     54613.33
   27246.591     0.999985        86945     65536.00
   27246.591     0.999986        86945     72817.78
   27246.591     0.999988        86945     81920.00
   27508.735     0.999989        86946     93622.86
   27508.735     1.000000        86946          inf
#[Mean    =      645.064, StdDeviation   =     1984.330]
#[Max     =    27492.352, Total count    =        86946]
#[Buckets =           27, SubBuckets     =         2048]
-----------------------------------------------------------------------
  89636 requests in 5.00m, 24.23MB read
  Socket errors: connect 0, read 0, write 0, timeout 31
  Non-2xx or 3xx responses: 199
Requests/sec:    298.78  
Transfer/sec:     82.70KB
