Running 5m test @ http://nginx-thrift.social-network.svc.cluster.local:8080/wrk2-api/home-timeline/read
  2 threads and 100 connections

  Thread calibration: mean lat.: 2453.478ms, rate sampling interval: 9043ms
  Thread calibration: mean lat.: 2457.142ms, rate sampling interval: 9109ms

-----------------------------------------------------------------------
Test Results @ http://nginx-thrift.social-network.svc.cluster.local:8080/wrk2-api/home-timeline/read 
  Thread Stats   Avg      Stdev     99%   +/- Stdev
    Latency     1.33m    44.20s    2.74m    57.89%
    Req/Sec   395.62     52.92   505.00     71.43%
  Latency Distribution (HdrHistogram - Recorded Latency)
 50.000%    1.31m 
 75.000%    1.97m 
 90.000%    2.33m 
 99.000%    2.74m 
 99.900%    2.86m 
 99.990%    2.92m 
 99.999%    2.93m 
100.000%    2.93m 

  Detailed Percentile spectrum:
       Value   Percentile   TotalCount 1/(1-Percentile)

    3319.807     0.000000            1         1.00
   19644.415     0.100000        23051         1.11
   33685.503     0.200000        46062         1.25
   49774.591     0.300000        69079         1.43
   65732.607     0.400000        92139         1.67
   78643.199     0.500000       115248         2.00
   85983.231     0.550000       126701         2.22
   93847.551     0.600000       138163         2.50
  102301.695     0.650000       149666         2.86
  111214.591     0.700000       161179         3.33
  118292.479     0.750000       172779         4.00
  121831.423     0.775000       178475         4.44
  125304.831     0.800000       184242         5.00
  128909.311     0.825000       189965         5.71
  132579.327     0.850000       195758         6.67
  136314.879     0.875000       201658         8.00
  138149.887     0.887500       204517         8.89
  139853.823     0.900000       207299        10.00
  141819.903     0.912500       210186        11.43
  144048.127     0.925000       213153        13.33
  146014.207     0.937500       215887        16.00
  147193.855     0.943750       217443        17.78
  148242.431     0.950000       218805        20.00
  149553.151     0.956250       220219        22.86
  151126.015     0.962500       221634        26.67
  153223.167     0.968750       223077        32.00
  155320.319     0.971875       223779        35.56
  157417.471     0.975000       224528        40.00
  159252.479     0.978125       225280        45.71
  160563.199     0.981250       225960        53.33
  162004.991     0.984375       226680        64.00
  162791.423     0.985938       227061        71.11
  163315.711     0.987500       227384        80.00
  163839.999     0.989062       227770        91.43
  164495.359     0.990625       228100       106.67
  165412.863     0.992188       228454       128.00
  166068.223     0.992969       228634       142.22
  166592.511     0.993750       228809       160.00
  167247.871     0.994531       229006       182.86
  167641.087     0.995313       229177       213.33
  168296.447     0.996094       229374       256.00
  168558.591     0.996484       229455       284.44
  168951.807     0.996875       229544       320.00
  169345.023     0.997266       229646       365.71
  169607.167     0.997656       229715       426.67
  170262.527     0.998047       229815       512.00
  170393.599     0.998242       229844       568.89
  170655.743     0.998437       229910       640.00
  170917.887     0.998633       229942       731.43
  171311.103     0.998828       229989       853.33
  171704.319     0.999023       230024      1024.00
  171835.391     0.999121       230044      1137.78
  172097.535     0.999219       230075      1280.00
  172359.679     0.999316       230095      1462.86
  172490.751     0.999414       230114      1706.67
  172752.895     0.999512       230152      2048.00
  172752.895     0.999561       230152      2275.56
  173146.111     0.999609       230158      2560.00
  173670.399     0.999658       230172      2925.71
  173932.543     0.999707       230179      3413.33
  174325.759     0.999756       230190      4096.00
  174587.903     0.999780       230205      4551.11
  174587.903     0.999805       230205      5120.00
  174718.975     0.999829       230207      5851.43
  174850.047     0.999854       230215      6826.67
  174981.119     0.999878       230219      8192.00
  175112.191     0.999890       230224      9102.22
  175112.191     0.999902       230224     10240.00
  175243.263     0.999915       230228     11702.86
  175505.407     0.999927       230231     13653.33
  175636.479     0.999939       230236     16384.00
  175636.479     0.999945       230236     18204.44
  175636.479     0.999951       230236     20480.00
  175767.551     0.999957       230239     23405.71
  175767.551     0.999963       230239     27306.67
  175767.551     0.999969       230239     32768.00
  175898.623     0.999973       230243     36408.89
  175898.623     0.999976       230243     40960.00
  175898.623     0.999979       230243     46811.43
  175898.623     0.999982       230243     54613.33
  175898.623     0.999985       230243     65536.00
  175898.623     0.999986       230243     72817.78
  176029.695     0.999988       230246     81920.00
  176029.695     1.000000       230246          inf
#[Mean    =    80047.683, StdDeviation   =    44195.500]
#[Max     =   175898.624, Total count    =       230246]
#[Buckets =           27, SubBuckets     =         2048]
-----------------------------------------------------------------------
  237704 requests in 5.00m, 64.31MB read
  Non-2xx or 3xx responses: 597
Requests/sec:    792.33  
Transfer/sec:    219.49KB
