Running 5m test @ http://nginx-thrift.social-network.svc.cluster.local:8080/wrk2-api/home-timeline/read
  2 threads and 100 connections

  Thread calibration: mean lat.: 408.398ms, rate sampling interval: 1744ms
  Thread calibration: mean lat.: 461.304ms, rate sampling interval: 2094ms

-----------------------------------------------------------------------
Test Results @ http://nginx-thrift.social-network.svc.cluster.local:8080/wrk2-api/home-timeline/read 
  Thread Stats   Avg      Stdev     99%   +/- Stdev
    Latency     8.17s     8.64s   36.41s    84.14%
    Req/Sec   383.66     49.64   491.00     69.08%
  Latency Distribution (HdrHistogram - Recorded Latency)
 50.000%    6.37s 
 75.000%   12.36s 
 90.000%   20.17s 
 99.000%   36.41s 
 99.900%   45.97s 
 99.990%   48.40s 
 99.999%   48.59s 
100.000%   48.63s 

  Detailed Percentile spectrum:
       Value   Percentile   TotalCount 1/(1-Percentile)

      27.519     0.000000            1         1.00
     172.031     0.100000        22256         1.11
     351.487     0.200000        44514         1.25
     824.319     0.300000        66763         1.43
    3192.831     0.400000        89003         1.67
    6365.183     0.500000       111256         2.00
    7630.847     0.550000       122416         2.22
    8691.711     0.600000       133539         2.50
    9707.519     0.650000       144658         2.86
   10657.791     0.700000       155787         3.33
   12361.727     0.750000       166882         4.00
   13467.647     0.775000       172454         4.44
   14524.415     0.800000       178006         5.00
   15933.439     0.825000       183568         5.71
   17301.503     0.850000       189188         6.67
   18759.679     0.875000       194733         8.00
   19513.343     0.887500       197513         8.89
   20168.703     0.900000       200288        10.00
   21020.671     0.912500       203047        11.43
   22315.007     0.925000       205823        13.33
   23822.335     0.937500       208599        16.00
   24723.455     0.943750       210000        17.78
   25624.575     0.950000       211409        20.00
   26607.615     0.956250       212785        22.86
   27475.967     0.962500       214163        26.67
   28655.615     0.968750       215552        32.00
   29442.047     0.971875       216255        35.56
   30146.559     0.975000       216948        40.00
   31408.127     0.978125       217642        45.71
   32292.863     0.981250       218343        53.33
   33521.663     0.984375       219030        64.00
   34308.095     0.985938       219381        71.11
   34832.383     0.987500       219727        80.00
   35586.047     0.989062       220079        91.43
   37191.679     0.990625       220426       106.67
   38305.791     0.992188       220770       128.00
   38862.847     0.992969       220952       142.22
   39452.671     0.993750       221124       160.00
   39976.959     0.994531       221300       182.86
   40337.407     0.995313       221475       213.33
   40730.623     0.996094       221647       256.00
   40992.767     0.996484       221727       284.44
   41320.447     0.996875       221811       320.00
   41811.967     0.997266       221900       365.71
   42401.791     0.997656       221988       426.67
   43286.527     0.998047       222076       512.00
   43483.135     0.998242       222121       568.89
   43745.279     0.998437       222159       640.00
   44007.423     0.998633       222202       731.43
   45187.071     0.998828       222245       853.33
   46039.039     0.999023       222292      1024.00
   46268.415     0.999121       222311      1137.78
   46727.167     0.999219       222334      1280.00
   47054.847     0.999316       222354      1462.86
   47448.063     0.999414       222377      1706.67
   47579.135     0.999512       222397      2048.00
   47677.439     0.999561       222408      2275.56
   47775.743     0.999609       222421      2560.00
   47841.279     0.999658       222430      2925.71
   47939.583     0.999707       222442      3413.33
   48037.887     0.999756       222452      4096.00
   48103.423     0.999780       222458      4551.11
   48201.727     0.999805       222462      5120.00
   48267.263     0.999829       222469      5851.43
   48300.031     0.999854       222474      6826.67
   48365.567     0.999878       222480      8192.00
   48398.335     0.999890       222483      9102.22
   48431.103     0.999902       222487     10240.00
   48431.103     0.999915       222487     11702.86
   48463.871     0.999927       222494     13653.33
   48463.871     0.999939       222494     16384.00
   48463.871     0.999945       222494     18204.44
   48529.407     0.999951       222498     20480.00
   48529.407     0.999957       222498     23405.71
   48529.407     0.999963       222498     27306.67
   48562.175     0.999969       222501     32768.00
   48562.175     0.999973       222501     36408.89
   48562.175     0.999976       222501     40960.00
   48562.175     0.999979       222501     46811.43
   48562.175     0.999982       222501     54613.33
   48594.943     0.999985       222504     65536.00
   48594.943     0.999986       222504     72817.78
   48594.943     0.999988       222504     81920.00
   48594.943     0.999989       222504     93622.86
   48594.943     0.999991       222504    109226.67
   48594.943     0.999992       222504    131072.00
   48594.943     0.999993       222504    145635.56
   48594.943     0.999994       222504    163840.00
   48594.943     0.999995       222504    187245.71
   48594.943     0.999995       222504    218453.33
   48627.711     0.999996       222505    262144.00
   48627.711     1.000000       222505          inf
#[Mean    =     8171.724, StdDeviation   =     8640.387]
#[Max     =    48594.944, Total count    =       222505]
#[Buckets =           27, SubBuckets     =         2048]
-----------------------------------------------------------------------
  229054 requests in 5.00m, 61.95MB read
  Non-2xx or 3xx responses: 524
Requests/sec:    763.47  
Transfer/sec:    211.44KB
