Running 5m test @ http://nginx-thrift.social-network.svc.cluster.local:8080/wrk2-api/home-timeline/read
  2 threads and 100 connections

  Thread calibration: mean lat.: 117.506ms, rate sampling interval: 333ms
  Thread calibration: mean lat.: 121.538ms, rate sampling interval: 363ms

-----------------------------------------------------------------------
Test Results @ http://nginx-thrift.social-network.svc.cluster.local:8080/wrk2-api/home-timeline/read 
  Thread Stats   Avg      Stdev     99%   +/- Stdev
    Latency   607.73ms    1.98s    9.83s    93.40%
    Req/Sec   124.69     24.77   187.00     73.38%
  Latency Distribution (HdrHistogram - Recorded Latency)
 50.000%  100.74ms
 75.000%  146.56ms
 90.000%  271.10ms
 99.000%    9.83s 
 99.900%   19.02s 
 99.990%   26.44s 
 99.999%   27.61s 
100.000%   27.62s 

  Detailed Percentile spectrum:
       Value   Percentile   TotalCount 1/(1-Percentile)

      68.415     0.000000            1         1.00
      86.783     0.100000         7324         1.11
      90.751     0.200000        14635         1.25
      93.887     0.300000        21872         1.43
      96.959     0.400000        29029         1.67
     100.735     0.500000        36287         2.00
     103.231     0.550000        39897         2.22
     107.327     0.600000        43512         2.50
     116.223     0.650000        47107         2.86
     130.367     0.700000        50729         3.33
     146.559     0.750000        54371         4.00
     155.007     0.775000        56164         4.44
     163.967     0.800000        57983         5.00
     174.975     0.825000        59791         5.71
     191.487     0.850000        61592         6.67
     218.111     0.875000        63401         8.00
     239.743     0.887500        64311         8.89
     271.103     0.900000        65218        10.00
     357.375     0.912500        66118        11.43
    1334.271     0.925000        67023        13.33
    3039.231     0.937500        67929        16.00
    3815.423     0.943750        68384        17.78
    4636.671     0.950000        68835        20.00
    5402.623     0.956250        69293        22.86
    6230.015     0.962500        69741        26.67
    7041.023     0.968750        70193        32.00
    7462.911     0.971875        70421        35.56
    7905.279     0.975000        70646        40.00
    8282.111     0.978125        70873        45.71
    8708.095     0.981250        71102        53.33
    9101.311     0.984375        71327        64.00
    9297.919     0.985938        71443        71.11
    9469.951     0.987500        71552        80.00
    9682.943     0.989062        71665        91.43
    9912.319     0.990625        71779       106.67
   10018.815     0.992188        71946       128.00
   10027.007     0.992969        71990       142.22
   10043.391     0.993750        72010       160.00
   10133.503     0.994531        72066       182.86
   10829.823     0.995313        72118       213.33
   12066.815     0.996094        72175       256.00
   12763.135     0.996484        72203       284.44
   13426.687     0.996875        72231       320.00
   14270.463     0.997266        72259       365.71
   15261.695     0.997656        72288       426.67
   16179.199     0.998047        72316       512.00
   16678.911     0.998242        72330       568.89
   17006.591     0.998437        72344       640.00
   17645.567     0.998633        72358       731.43
   18399.231     0.998828        72374       853.33
   19054.591     0.999023        72387      1024.00
   19415.039     0.999121        72394      1137.78
   20135.935     0.999219        72401      1280.00
   20955.135     0.999316        72408      1462.86
   21921.791     0.999414        72415      1706.67
   22790.143     0.999512        72423      2048.00
   23511.039     0.999561        72426      2275.56
   23625.727     0.999609        72429      2560.00
   23969.791     0.999658        72433      2925.71
   24395.775     0.999707        72436      3413.33
   24969.215     0.999756        72440      4096.00
   25182.207     0.999780        72442      4551.11
   25214.975     0.999805        72443      5120.00
   25378.815     0.999829        72445      5851.43
   25673.727     0.999854        72447      6826.67
   26411.007     0.999878        72449      8192.00
   26443.775     0.999890        72450      9102.22
   26443.775     0.999902        72450     10240.00
   26656.767     0.999915        72451     11702.86
   26984.447     0.999927        72452     13653.33
   27000.831     0.999939        72453     16384.00
   27475.967     0.999945        72454     18204.44
   27475.967     0.999951        72454     20480.00
   27475.967     0.999957        72454     23405.71
   27508.735     0.999963        72455     27306.67
   27508.735     0.999969        72455     32768.00
   27607.039     0.999973        72456     36408.89
   27607.039     0.999976        72456     40960.00
   27607.039     0.999979        72456     46811.43
   27607.039     0.999982        72456     54613.33
   27607.039     0.999985        72456     65536.00
   27623.423     0.999986        72457     72817.78
   27623.423     1.000000        72457          inf
#[Mean    =      607.733, StdDeviation   =     1976.387]
#[Max     =    27607.040, Total count    =        72457]
#[Buckets =           27, SubBuckets     =         2048]
-----------------------------------------------------------------------
  74910 requests in 5.00m, 20.25MB read
  Socket errors: connect 0, read 0, write 0, timeout 108
  Non-2xx or 3xx responses: 193
Requests/sec:    249.68  
Transfer/sec:     69.12KB
