Running 5m test @ http://nginx-thrift.social-network.svc.cluster.local:8080/wrk2-api/home-timeline/read
  2 threads and 100 connections

  Thread calibration: mean lat.: 855.498ms, rate sampling interval: 3731ms
  Thread calibration: mean lat.: 726.891ms, rate sampling interval: 3069ms

-----------------------------------------------------------------------
Test Results @ http://nginx-thrift.social-network.svc.cluster.local:8080/wrk2-api/home-timeline/read 
  Thread Stats   Avg      Stdev     99%   +/- Stdev
    Latency    26.55s    20.38s    1.36m    63.55%
    Req/Sec   410.36     63.34   531.00     70.76%
  Latency Distribution (HdrHistogram - Recorded Latency)
 50.000%   24.46s 
 75.000%   39.52s 
 90.000%    0.92m 
 99.000%    1.36m 
 99.900%    1.64m 
 99.990%    1.73m 
 99.999%    1.74m 
100.000%    1.74m 

  Detailed Percentile spectrum:
       Value   Percentile   TotalCount 1/(1-Percentile)

      15.199     0.000000            1         1.00
     985.087     0.100000        23887         1.11
    7012.351     0.200000        47766         1.25
   11239.423     0.300000        71672         1.43
   18628.607     0.400000        95543         1.67
   24461.311     0.500000       119430         2.00
   26787.839     0.550000       131414         2.22
   30048.255     0.600000       143319         2.50
   33652.735     0.650000       155360         2.86
   36405.247     0.700000       167289         3.33
   39518.207     0.750000       179139         4.00
   42303.487     0.775000       185098         4.44
   44531.711     0.800000       191081         5.00
   47054.847     0.825000       197031         5.71
   49381.375     0.850000       202999         6.67
   52789.247     0.875000       208990         8.00
   54198.271     0.887500       211977         8.89
   55410.687     0.900000       214958        10.00
   56590.335     0.912500       217904        11.43
   58621.951     0.925000       220890        13.33
   61603.839     0.937500       223870        16.00
   63242.239     0.943750       225377        17.78
   64454.655     0.950000       226871        20.00
   65830.911     0.956250       228350        22.86
   66879.487     0.962500       229848        26.67
   67829.759     0.968750       231417        32.00
   68222.975     0.971875       232125        35.56
   68878.335     0.975000       232822        40.00
   69599.231     0.978125       233620        45.71
   71041.023     0.981250       234322        53.33
   73727.999     0.984375       235066        64.00
   74907.647     0.985938       235431        71.11
   76939.263     0.987500       235803        80.00
   80281.599     0.989062       236192        91.43
   82051.071     0.990625       236556       106.67
   83820.543     0.992188       236925       128.00
   85065.727     0.992969       237117       142.22
   85721.087     0.993750       237315       160.00
   86179.839     0.994531       237485       182.86
   87031.807     0.995313       237677       213.33
   88801.279     0.996094       237856       256.00
   94371.839     0.996484       237952       284.44
   94765.055     0.996875       238054       320.00
   95223.807     0.997266       238144       365.71
   96075.775     0.997656       238228       426.67
   96600.063     0.998047       238331       512.00
   96862.207     0.998242       238369       568.89
   97386.495     0.998437       238426       640.00
   97976.319     0.998633       238464       731.43
   98303.999     0.998828       238509       853.33
   98697.215     0.999023       238571      1024.00
   98762.751     0.999121       238588      1137.78
   98828.287     0.999219       238605      1280.00
   98959.359     0.999316       238626      1462.86
   99287.039     0.999414       238650      1706.67
   99483.647     0.999512       238679      2048.00
   99549.183     0.999561       238695      2275.56
   99549.183     0.999609       238695      2560.00
   99614.719     0.999658       238709      2925.71
   99680.255     0.999707       238727      3413.33
   99745.791     0.999756       238733      4096.00
   99811.327     0.999780       238738      4551.11
   99876.863     0.999805       238742      5120.00
   99942.399     0.999829       238747      5851.43
  100007.935     0.999854       238755      6826.67
  100073.471     0.999878       238758      8192.00
  100204.543     0.999890       238761      9102.22
  103940.095     0.999902       238764     10240.00
  104005.631     0.999915       238772     11702.86
  104005.631     0.999927       238772     13653.33
  104071.167     0.999939       238778     16384.00
  104071.167     0.999945       238778     18204.44
  104071.167     0.999951       238778     20480.00
  104071.167     0.999957       238778     23405.71
  104136.703     0.999963       238784     27306.67
  104136.703     0.999969       238784     32768.00
  104136.703     0.999973       238784     36408.89
  104136.703     0.999976       238784     40960.00
  104136.703     0.999979       238784     46811.43
  104136.703     0.999982       238784     54613.33
  104136.703     0.999985       238784     65536.00
  104136.703     0.999986       238784     72817.78
  104202.239     0.999988       238786     81920.00
  104202.239     0.999989       238786     93622.86
  104202.239     0.999991       238786    109226.67
  104202.239     0.999992       238786    131072.00
  104202.239     0.999993       238786    145635.56
  104202.239     0.999994       238786    163840.00
  104202.239     0.999995       238786    187245.71
  104202.239     0.999995       238786    218453.33
  104267.775     0.999996       238787    262144.00
  104267.775     1.000000       238787          inf
#[Mean    =    26554.975, StdDeviation   =    20377.907]
#[Max     =   104202.240, Total count    =       238787]
#[Buckets =           27, SubBuckets     =         2048]
-----------------------------------------------------------------------
  246376 requests in 5.00m, 66.63MB read
  Non-2xx or 3xx responses: 573
Requests/sec:    821.25  
Transfer/sec:    227.44KB
