Running 5m test @ http://nginx-thrift.social-network.svc.cluster.local:8080/wrk2-api/home-timeline/read
  2 threads and 100 connections

  Thread calibration: mean lat.: 120.013ms, rate sampling interval: 362ms
  Thread calibration: mean lat.: 121.085ms, rate sampling interval: 353ms

-----------------------------------------------------------------------
Test Results @ http://nginx-thrift.social-network.svc.cluster.local:8080/wrk2-api/home-timeline/read 
  Thread Stats   Avg      Stdev     99%   +/- Stdev
    Latency     1.12s     2.97s   14.72s    89.92%
    Req/Sec   199.97     38.87   303.00     71.58%
  Latency Distribution (HdrHistogram - Recorded Latency)
 50.000%  125.57ms
 75.000%  222.98ms
 90.000%    4.16s 
 99.000%   14.72s 
 99.900%   25.46s 
 99.990%   36.77s 
 99.999%   38.54s 
100.000%   38.54s 

  Detailed Percentile spectrum:
       Value   Percentile   TotalCount 1/(1-Percentile)

      67.327     0.000000            1         1.00
      88.895     0.100000        11719         1.11
      93.759     0.200000        23258         1.25
      98.431     0.300000        34902         1.43
     105.215     0.400000        46495         1.67
     125.567     0.500000        58060         2.00
     139.263     0.550000        63883         2.22
     153.471     0.600000        69715         2.50
     168.831     0.650000        75486         2.86
     190.463     0.700000        81282         3.33
     222.975     0.750000        87082         4.00
     246.271     0.775000        89986         4.44
     280.063     0.800000        92880         5.00
     342.527     0.825000        95783         5.71
     543.231     0.850000        98689         6.67
    2156.543     0.875000       101589         8.00
    3094.527     0.887500       103039         8.89
    4155.391     0.900000       104490        10.00
    5160.959     0.912500       105954        11.43
    6098.943     0.925000       107395        13.33
    7016.447     0.937500       108845        16.00
    7442.431     0.943750       109582        17.78
    7876.607     0.950000       110295        20.00
    8347.647     0.956250       111022        22.86
    8798.207     0.962500       111749        26.67
    9289.727     0.968750       112474        32.00
    9535.487     0.971875       112847        35.56
    9773.055     0.975000       113205        40.00
   10002.431     0.978125       113562        45.71
   10092.543     0.981250       113927        53.33
   11116.543     0.984375       114286        64.00
   12017.663     0.985938       114469        71.11
   12992.511     0.987500       114649        80.00
   14114.815     0.989062       114831        91.43
   15114.239     0.990625       115012       106.67
   16187.391     0.992188       115193       128.00
   16744.447     0.992969       115285       142.22
   17252.351     0.993750       115378       160.00
   17694.719     0.994531       115466       182.86
   18333.695     0.995313       115563       213.33
   18989.055     0.996094       115649       256.00
   19300.351     0.996484       115694       284.44
   19578.879     0.996875       115738       320.00
   20479.999     0.997266       115783       365.71
   21135.359     0.997656       115828       426.67
   22495.231     0.998047       115875       512.00
   22953.983     0.998242       115896       568.89
   23396.351     0.998437       115919       640.00
   24018.943     0.998633       115942       731.43
   24657.919     0.998828       115964       853.33
   25509.887     0.999023       115988      1024.00
   26083.327     0.999121       116001      1137.78
   26656.767     0.999219       116011      1280.00
   27901.951     0.999316       116021      1462.86
   28852.223     0.999414       116032      1706.67
   29753.343     0.999512       116044      2048.00
   30605.311     0.999561       116049      2275.56
   31047.679     0.999609       116055      2560.00
   31621.119     0.999658       116061      2925.71
   31883.263     0.999707       116066      3413.33
   33423.359     0.999756       116072      4096.00
   34144.255     0.999780       116076      4551.11
   34537.471     0.999805       116079      5120.00
   34897.919     0.999829       116081      5851.43
   36143.103     0.999854       116083      6826.67
   36601.855     0.999878       116086      8192.00
   36765.695     0.999890       116088      9102.22
   36929.535     0.999902       116089     10240.00
   37453.823     0.999915       116091     11702.86
   37486.591     0.999927       116092     13653.33
   37617.663     0.999939       116094     16384.00
   37617.663     0.999945       116094     18204.44
   37781.503     0.999951       116095     20480.00
   37945.343     0.999957       116096     23405.71
   37945.343     0.999963       116096     27306.67
   38305.791     0.999969       116097     32768.00
   38305.791     0.999973       116097     36408.89
   38469.631     0.999976       116098     40960.00
   38469.631     0.999979       116098     46811.43
   38469.631     0.999982       116098     54613.33
   38535.167     0.999985       116100     65536.00
   38535.167     1.000000       116100          inf
#[Mean    =     1115.552, StdDeviation   =     2971.032]
#[Max     =    38502.400, Total count    =       116100]
#[Buckets =           27, SubBuckets     =         2048]
-----------------------------------------------------------------------
  119725 requests in 5.00m, 32.37MB read
  Socket errors: connect 0, read 0, write 0, timeout 7
  Non-2xx or 3xx responses: 282
Requests/sec:    399.00  
Transfer/sec:    110.47KB
