Running 5m test @ http://nginx-thrift.social-network.svc.cluster.local:8080/wrk2-api/home-timeline/read
  2 threads and 100 connections

  Thread calibration: mean lat.: 3040.927ms, rate sampling interval: 11296ms
  Thread calibration: mean lat.: 3001.053ms, rate sampling interval: 10461ms

-----------------------------------------------------------------------
Test Results @ http://nginx-thrift.social-network.svc.cluster.local:8080/wrk2-api/home-timeline/read 
  Thread Stats   Avg      Stdev     99%   +/- Stdev
    Latency     1.35m    43.61s    2.70m    59.29%
    Req/Sec   432.60     45.51   498.00     71.15%
  Latency Distribution (HdrHistogram - Recorded Latency)
 50.000%    1.34m 
 75.000%    1.97m 
 90.000%    2.33m 
 99.000%    2.70m 
 99.900%    2.93m 
 99.990%    3.05m 
 99.999%    3.08m 
100.000%    3.09m 

  Detailed Percentile spectrum:
       Value   Percentile   TotalCount 1/(1-Percentile)

    4419.583     0.000000            1         1.00
   20185.087     0.100000        24910         1.11
   36339.711     0.200000        49817         1.25
   50036.735     0.300000        74670         1.43
   66945.023     0.400000        99584         1.67
   80347.135     0.500000       124552         2.00
   87425.023     0.550000       136921         2.22
   95158.271     0.600000       149338         2.50
  103612.415     0.650000       161813         2.86
  111017.983     0.700000       174254         3.33
  117964.799     0.750000       186734         4.00
  121110.527     0.775000       192987         4.44
  124518.399     0.800000       199142         5.00
  128319.487     0.825000       205389         5.71
  132317.183     0.850000       211643         6.67
  136052.735     0.875000       217788         8.00
  138018.815     0.887500       220924         8.89
  139984.895     0.900000       224083        10.00
  142213.119     0.912500       227283        11.43
  144441.343     0.925000       230303        13.33
  147062.783     0.937500       233441        16.00
  148242.431     0.943750       234912        17.78
  149422.079     0.950000       236442        20.00
  150601.727     0.956250       238032        22.86
  151912.447     0.962500       239623        26.67
  153485.311     0.968750       241176        32.00
  154402.815     0.971875       242018        35.56
  155189.247     0.975000       242667        40.00
  156237.823     0.978125       243516        45.71
  157155.327     0.981250       244221        53.33
  158334.975     0.984375       245042        64.00
  159121.407     0.985938       245447        71.11
  160038.911     0.987500       245798        80.00
  161087.487     0.989062       246179        91.43
  162267.135     0.990625       246569       106.67
  163577.855     0.992188       246939       128.00
  164495.359     0.992969       247141       142.22
  165806.079     0.993750       247327       160.00
  167116.799     0.994531       247536       182.86
  167772.159     0.995313       247714       213.33
  168689.663     0.996094       247922       256.00
  169213.951     0.996484       248020       284.44
  169869.311     0.996875       248114       320.00
  170655.743     0.997266       248204       365.71
  171704.319     0.997656       248297       426.67
  172621.823     0.998047       248392       512.00
  173408.255     0.998242       248449       568.89
  174063.615     0.998437       248492       640.00
  174587.903     0.998633       248544       731.43
  175243.263     0.998828       248593       853.33
  175767.551     0.999023       248645      1024.00
  176160.767     0.999121       248661      1137.78
  176685.055     0.999219       248684      1280.00
  176947.199     0.999316       248719      1462.86
  177340.415     0.999414       248739      1706.67
  177733.631     0.999512       248756      2048.00
  178126.847     0.999561       248772      2275.56
  178388.991     0.999609       248780      2560.00
  178782.207     0.999658       248794      2925.71
  179699.711     0.999707       248805      3413.33
  180223.999     0.999756       248818      4096.00
  180617.215     0.999780       248823      4551.11
  181141.503     0.999805       248829      5120.00
  181796.863     0.999829       248835      5851.43
  182321.151     0.999854       248841      6826.67
  182583.295     0.999878       248847      8192.00
  182714.367     0.999890       248851      9102.22
  182976.511     0.999902       248853     10240.00
  183238.655     0.999915       248857     11702.86
  183369.727     0.999927       248859     13653.33
  183762.943     0.999939       248862     16384.00
  184025.087     0.999945       248864     18204.44
  184156.159     0.999951       248865     20480.00
  184287.231     0.999957       248868     23405.71
  184287.231     0.999963       248868     27306.67
  184549.375     0.999969       248871     32768.00
  184549.375     0.999973       248871     36408.89
  184549.375     0.999976       248871     40960.00
  184680.447     0.999979       248872     46811.43
  184811.519     0.999982       248873     54613.33
  184942.591     0.999985       248874     65536.00
  184942.591     0.999986       248874     72817.78
  184942.591     0.999988       248874     81920.00
  185073.663     0.999989       248875     93622.86
  185073.663     0.999991       248875    109226.67
  185335.807     0.999992       248877    131072.00
  185335.807     1.000000       248877          inf
#[Mean    =    80848.539, StdDeviation   =    43607.653]
#[Max     =   185204.736, Total count    =       248877]
#[Buckets =           27, SubBuckets     =         2048]
-----------------------------------------------------------------------
  254689 requests in 5.00m, 68.87MB read
  Non-2xx or 3xx responses: 629
Requests/sec:    848.87  
Transfer/sec:    235.06KB
