Running 5m test @ http://nginx-thrift.social-network.svc.cluster.local:8080/wrk2-api/home-timeline/read
  2 threads and 100 connections

  Thread calibration: mean lat.: 98.151ms, rate sampling interval: 216ms
  Thread calibration: mean lat.: 98.571ms, rate sampling interval: 222ms

-----------------------------------------------------------------------
Test Results @ http://nginx-thrift.social-network.svc.cluster.local:8080/wrk2-api/home-timeline/read 
  Thread Stats   Avg      Stdev     99%   +/- Stdev
    Latency   291.92ms    1.20s    8.13s    97.06%
    Req/Sec    49.53     15.65    87.00     68.34%
  Latency Distribution (HdrHistogram - Recorded Latency)
 50.000%   96.00ms
 75.000%  103.93ms
 90.000%  143.23ms
 99.000%    8.13s 
 99.900%   10.09s 
 99.990%   19.51s 
 99.999%   19.56s 
100.000%   19.56s 

  Detailed Percentile spectrum:
       Value   Percentile   TotalCount 1/(1-Percentile)

      69.055     0.000000            1         1.00
      85.439     0.100000         2920         1.11
      88.831     0.200000         5839         1.25
      91.391     0.300000         8733         1.43
      93.695     0.400000        11576         1.67
      95.999     0.500000        14526         2.00
      97.151     0.550000        15911         2.22
      98.495     0.600000        17361         2.50
      99.967     0.650000        18796         2.86
     101.695     0.700000        20240         3.33
     103.935     0.750000        21699         4.00
     105.407     0.775000        22407         4.44
     107.583     0.800000        23140         5.00
     111.103     0.825000        23852         5.71
     118.911     0.850000        24581         6.67
     129.983     0.875000        25304         8.00
     136.319     0.887500        25660         8.89
     143.231     0.900000        26020        10.00
     151.039     0.912500        26392        11.43
     159.359     0.925000        26747        13.33
     169.087     0.937500        27105        16.00
     175.615     0.943750        27285        17.78
     183.423     0.950000        27465        20.00
     197.119     0.956250        27646        22.86
     223.231     0.962500        27826        26.67
     928.255     0.968750        28007        32.00
    1955.839     0.971875        28097        35.56
    3010.559     0.975000        28189        40.00
    3954.687     0.978125        28278        45.71
    4997.119     0.981250        28368        53.33
    6021.119     0.984375        28459        64.00
    6438.911     0.985938        28504        71.11
    7131.135     0.987500        28549        80.00
    7794.687     0.989062        28594        91.43
    8331.263     0.990625        28639       106.67
    8740.863     0.992188        28685       128.00
    8978.431     0.992969        28708       142.22
    9265.151     0.993750        28730       160.00
    9584.639     0.994531        28752       182.86
    9854.975     0.995313        28775       213.33
   10018.815     0.996094        28851       256.00
   10018.815     0.996484        28851       284.44
   10018.815     0.996875        28851       320.00
   10018.815     0.997266        28851       365.71
   10018.815     0.997656        28851       426.67
   10027.007     0.998047        28871       512.00
   10027.007     0.998242        28871       568.89
   10027.007     0.998437        28871       640.00
   10027.007     0.998633        28871       731.43
   10067.967     0.998828        28877       853.33
   10092.543     0.999023        28884      1024.00
   10149.887     0.999121        28885      1137.78
   11345.919     0.999219        28888      1280.00
   11706.367     0.999316        28891      1462.86
   12222.463     0.999414        28894      1706.67
   12460.031     0.999512        28896      2048.00
   13705.215     0.999561        28898      2275.56
   15204.351     0.999609        28899      2560.00
   15564.799     0.999658        28901      2925.71
   16171.007     0.999707        28902      3413.33
   16392.191     0.999756        28903      4096.00
   16433.151     0.999780        28904      4551.11
   16506.879     0.999805        28905      5120.00
   18563.071     0.999829        28906      5851.43
   18563.071     0.999854        28906      6826.67
   19513.343     0.999878        28908      8192.00
   19513.343     0.999890        28908      9102.22
   19513.343     0.999902        28908     10240.00
   19513.343     0.999915        28908     11702.86
   19513.343     0.999927        28908     13653.33
   19546.111     0.999939        28909     16384.00
   19546.111     0.999945        28909     18204.44
   19546.111     0.999951        28909     20480.00
   19546.111     0.999957        28909     23405.71
   19546.111     0.999963        28909     27306.67
   19562.495     0.999969        28910     32768.00
   19562.495     1.000000        28910          inf
#[Mean    =      291.915, StdDeviation   =     1195.283]
#[Max     =    19546.112, Total count    =        28910]
#[Buckets =           27, SubBuckets     =         2048]
-----------------------------------------------------------------------
  29924 requests in 5.00m, 8.09MB read
  Socket errors: connect 0, read 0, write 0, timeout 1943
  Non-2xx or 3xx responses: 82
Requests/sec:     99.74  
Transfer/sec:     27.61KB
