Running 5m test @ http://nginx-thrift.social-network.svc.cluster.local:8080/wrk2-api/home-timeline/read
  2 threads and 100 connections

  Thread calibration: mean lat.: 131.599ms, rate sampling interval: 408ms
  Thread calibration: mean lat.: 128.947ms, rate sampling interval: 390ms

-----------------------------------------------------------------------
Test Results @ http://nginx-thrift.social-network.svc.cluster.local:8080/wrk2-api/home-timeline/read 
  Thread Stats   Avg      Stdev     99%   +/- Stdev
    Latency   865.45ms    2.44s   10.11s    91.11%
    Req/Sec   174.81     29.48   249.00     69.79%
  Latency Distribution (HdrHistogram - Recorded Latency)
 50.000%  106.69ms
 75.000%  172.41ms
 90.000%    2.32s 
 99.000%   10.11s 
 99.900%   21.46s 
 99.990%   27.30s 
 99.999%   28.79s 
100.000%   29.00s 

  Detailed Percentile spectrum:
       Value   Percentile   TotalCount 1/(1-Percentile)

      67.903     0.000000            1         1.00
      87.807     0.100000        10164         1.11
      92.095     0.200000        20372         1.25
      95.807     0.300000        30622         1.43
      99.903     0.400000        40623         1.67
     106.687     0.500000        50802         2.00
     114.751     0.550000        55850         2.22
     127.231     0.600000        60921         2.50
     140.927     0.650000        66010         2.86
     155.519     0.700000        71089         3.33
     172.415     0.750000        76153         4.00
     184.191     0.775000        78699         4.44
     200.831     0.800000        81239         5.00
     223.999     0.825000        83768         5.71
     262.143     0.850000        86301         6.67
     401.151     0.875000        88837         8.00
    1233.919     0.887500        90107         8.89
    2320.383     0.900000        91378        10.00
    3428.351     0.912500        92645        11.43
    4583.423     0.925000        93918        13.33
    5754.879     0.937500        95188        16.00
    6361.087     0.943750        95819        17.78
    6905.855     0.950000        96455        20.00
    7426.047     0.956250        97092        22.86
    7962.623     0.962500        97722        26.67
    8503.295     0.968750        98356        32.00
    8773.631     0.971875        98675        35.56
    9035.775     0.975000        98999        40.00
    9314.303     0.978125        99312        45.71
    9568.255     0.981250        99636        53.33
    9838.591     0.984375        99950        64.00
    9953.279     0.985938       100104        71.11
   10018.815     0.987500       100320        80.00
   10051.583     0.989062       100423        91.43
   10182.655     0.990625       100580       106.67
   11214.847     0.992188       100735       128.00
   11960.319     0.992969       100815       142.22
   12550.143     0.993750       100894       160.00
   13844.479     0.994531       100973       182.86
   15040.511     0.995313       101053       213.33
   16031.743     0.996094       101132       256.00
   16424.959     0.996484       101174       284.44
   16859.135     0.996875       101213       320.00
   17367.039     0.997266       101252       365.71
   17956.863     0.997656       101291       426.67
   18644.991     0.998047       101330       512.00
   18956.287     0.998242       101350       568.89
   19283.967     0.998437       101370       640.00
   19513.343     0.998633       101391       731.43
   20103.167     0.998828       101410       853.33
   21610.495     0.999023       101429      1024.00
   22233.087     0.999121       101439      1137.78
   22593.535     0.999219       101449      1280.00
   22872.063     0.999316       101459      1462.86
   23134.207     0.999414       101469      1706.67
   23937.023     0.999512       101479      2048.00
   24395.775     0.999561       101484      2275.56
   24838.143     0.999609       101489      2560.00
   24952.831     0.999658       101494      2925.71
   25231.359     0.999707       101499      3413.33
   25575.423     0.999756       101504      4096.00
   25903.103     0.999780       101506      4551.11
   26165.247     0.999805       101509      5120.00
   26804.223     0.999829       101511      5851.43
   27082.751     0.999854       101514      6826.67
   27230.207     0.999878       101516      8192.00
   27262.975     0.999890       101517      9102.22
   27295.743     0.999902       101519     10240.00
   27394.047     0.999915       101520     11702.86
   27541.503     0.999927       101521     13653.33
   27688.959     0.999939       101522     16384.00
   27869.183     0.999945       101523     18204.44
   27918.335     0.999951       101524     20480.00
   27918.335     0.999957       101524     23405.71
   28491.775     0.999963       101525     27306.67
   28491.775     0.999969       101525     32768.00
   28639.231     0.999973       101526     36408.89
   28639.231     0.999976       101526     40960.00
   28639.231     0.999979       101526     46811.43
   28786.687     0.999982       101527     54613.33
   28786.687     0.999985       101527     65536.00
   28786.687     0.999986       101527     72817.78
   28786.687     0.999988       101527     81920.00
   28786.687     0.999989       101527     93622.86
   28999.679     0.999991       101528    109226.67
   28999.679     1.000000       101528          inf
#[Mean    =      865.448, StdDeviation   =     2436.112]
#[Max     =    28983.296, Total count    =       101528]
#[Buckets =           27, SubBuckets     =         2048]
-----------------------------------------------------------------------
  104811 requests in 5.00m, 28.33MB read
  Socket errors: connect 0, read 0, write 0, timeout 12
  Non-2xx or 3xx responses: 246
Requests/sec:    349.36  
Transfer/sec:     96.71KB
