Running 5m test @ http://nginx-thrift.social-network.svc.cluster.local:8080/wrk2-api/home-timeline/read
  2 threads and 100 connections

  Thread calibration: mean lat.: 112.949ms, rate sampling interval: 325ms
  Thread calibration: mean lat.: 109.018ms, rate sampling interval: 296ms

-----------------------------------------------------------------------
Test Results @ http://nginx-thrift.social-network.svc.cluster.local:8080/wrk2-api/home-timeline/read 
  Thread Stats   Avg      Stdev     99%   +/- Stdev
    Latency   485.60ms    1.65s    9.34s    94.58%
    Req/Sec    99.44     23.10   158.00     72.46%
  Latency Distribution (HdrHistogram - Recorded Latency)
 50.000%   99.52ms
 75.000%  135.42ms
 90.000%  223.49ms
 99.000%    9.34s 
 99.900%   15.26s 
 99.990%   18.17s 
 99.999%   19.05s 
100.000%   19.30s 

  Detailed Percentile spectrum:
       Value   Percentile   TotalCount 1/(1-Percentile)

      68.543     0.000000            1         1.00
      86.527     0.100000         5820         1.11
      90.303     0.200000        11593         1.25
      93.375     0.300000        17470         1.43
      96.255     0.400000        23207         1.67
      99.519     0.500000        28972         2.00
     101.567     0.550000        31860         2.22
     104.255     0.600000        34765         2.50
     108.991     0.650000        37630         2.86
     119.743     0.700000        40512         3.33
     135.423     0.750000        43401         4.00
     143.743     0.775000        44845         4.44
     152.447     0.800000        46307         5.00
     161.663     0.825000        47754         5.71
     173.055     0.850000        49190         6.67
     191.103     0.875000        50634         8.00
     204.799     0.887500        51355         8.89
     223.487     0.900000        52079        10.00
     250.367     0.912500        52800        11.43
     304.639     0.925000        53524        13.33
     784.383     0.937500        54246        16.00
    1759.231     0.943750        54608        17.78
    2912.255     0.950000        54969        20.00
    3850.239     0.956250        55331        22.86
    4784.127     0.962500        55693        26.67
    5873.663     0.968750        56054        32.00
    6295.551     0.971875        56235        35.56
    6893.567     0.975000        56417        40.00
    7450.623     0.978125        56597        45.71
    7974.911     0.981250        56778        53.33
    8503.295     0.984375        56958        64.00
    8724.479     0.985938        57054        71.11
    8945.663     0.987500        57140        80.00
    9199.615     0.989062        57236        91.43
    9453.567     0.990625        57320       106.67
    9756.671     0.992188        57410       128.00
    9863.167     0.992969        57456       142.22
   10002.431     0.993750        57501       160.00
   10018.815     0.994531        57602       182.86
   10018.815     0.995313        57602       213.33
   10035.199     0.996094        57636       256.00
   10084.351     0.996484        57659       284.44
   10166.271     0.996875        57682       320.00
   10297.343     0.997266        57704       365.71
   11427.839     0.997656        57727       426.67
   12189.695     0.998047        57749       512.00
   12705.791     0.998242        57761       568.89
   13090.815     0.998437        57772       640.00
   13893.631     0.998633        57783       731.43
   14663.679     0.998828        57795       853.33
   15286.271     0.999023        57806      1024.00
   15671.295     0.999121        57812      1137.78
   15876.095     0.999219        57817      1280.00
   16457.727     0.999316        57823      1462.86
   16908.287     0.999414        57829      1706.67
   17383.423     0.999512        57834      2048.00
   17432.575     0.999561        57837      2275.56
   17580.031     0.999609        57840      2560.00
   17842.175     0.999658        57844      2925.71
   17874.943     0.999707        57846      3413.33
   17924.095     0.999756        57848      4096.00
   17989.631     0.999780        57850      4551.11
   18022.399     0.999805        57851      5120.00
   18087.935     0.999829        57854      5851.43
   18087.935     0.999854        57854      6826.67
   18120.703     0.999878        57855      8192.00
   18169.855     0.999890        57856      9102.22
   18448.383     0.999902        57857     10240.00
   18612.223     0.999915        57858     11702.86
   18612.223     0.999927        57858     13653.33
   18792.447     0.999939        57859     16384.00
   18792.447     0.999945        57859     18204.44
   18989.055     0.999951        57860     20480.00
   18989.055     0.999957        57860     23405.71
   18989.055     0.999963        57860     27306.67
   19054.591     0.999969        57861     32768.00
   19054.591     0.999973        57861     36408.89
   19054.591     0.999976        57861     40960.00
   19054.591     0.999979        57861     46811.43
   19054.591     0.999982        57861     54613.33
   19300.351     0.999985        57862     65536.00
   19300.351     1.000000        57862          inf
#[Mean    =      485.597, StdDeviation   =     1649.554]
#[Max     =    19283.968, Total count    =        57862]
#[Buckets =           27, SubBuckets     =         2048]
-----------------------------------------------------------------------
  59720 requests in 5.00m, 16.15MB read
  Socket errors: connect 0, read 0, write 0, timeout 264
  Non-2xx or 3xx responses: 156
Requests/sec:    199.06  
Transfer/sec:     55.11KB
