Running 5m test @ http://nginx-thrift.social-network.svc.cluster.local:8080/wrk2-api/home-timeline/read
  2 threads and 100 connections

  Thread calibration: mean lat.: 1937.915ms, rate sampling interval: 6975ms
  Thread calibration: mean lat.: 2123.499ms, rate sampling interval: 7909ms

-----------------------------------------------------------------------
Test Results @ http://nginx-thrift.social-network.svc.cluster.local:8080/wrk2-api/home-timeline/read 
  Thread Stats   Avg      Stdev     99%   +/- Stdev
    Latency     1.12m    37.55s    2.33m    58.81%
    Req/Sec   397.62     47.47   477.00     77.92%
  Latency Distribution (HdrHistogram - Recorded Latency)
 50.000%    1.12m 
 75.000%    1.65m 
 90.000%    1.95m 
 99.000%    2.33m 
 99.900%    2.51m 
 99.990%    2.60m 
 99.999%    2.62m 
100.000%    2.63m 

  Detailed Percentile spectrum:
       Value   Percentile   TotalCount 1/(1-Percentile)

    2222.079     0.000000            1         1.00
   14909.439     0.100000        23022         1.11
   27475.967     0.200000        46053         1.25
   43319.295     0.300000        69091         1.43
   55672.831     0.400000        92140         1.67
   67305.471     0.500000       115135         2.00
   74055.679     0.550000       126668         2.22
   81068.031     0.600000       138202         2.50
   87752.703     0.650000       149634         2.86
   93650.943     0.700000       161171         3.33
   99155.967     0.750000       172768         4.00
  101842.943     0.775000       178452         4.44
  104464.383     0.800000       184211         5.00
  107085.823     0.825000       189939         5.71
  110231.551     0.850000       195727         6.67
  113508.351     0.875000       201450         8.00
  115474.431     0.887500       204358         8.89
  117243.903     0.900000       207216        10.00
  118947.839     0.912500       210136        11.43
  120979.455     0.925000       213045        13.33
  123207.679     0.937500       215883        16.00
  124387.327     0.943750       217289        17.78
  125763.583     0.950000       218721        20.00
  127270.911     0.956250       220158        22.86
  128974.847     0.962500       221617        26.67
  130547.711     0.968750       223027        32.00
  131596.287     0.971875       223725        35.56
  132907.007     0.975000       224447        40.00
  134217.727     0.978125       225199        45.71
  135397.375     0.981250       225918        53.33
  136577.023     0.984375       226601        64.00
  137363.455     0.985938       227003        71.11
  138018.815     0.987500       227342        80.00
  138936.319     0.989062       227699        91.43
  139984.895     0.990625       228069       106.67
  140902.399     0.992188       228422       128.00
  141426.687     0.992969       228598       142.22
  142082.047     0.993750       228778       160.00
  142868.479     0.994531       228962       182.86
  143654.911     0.995313       229126       213.33
  144834.559     0.996094       229303       256.00
  145620.991     0.996484       229394       284.44
  146407.423     0.996875       229485       320.00
  147193.855     0.997266       229580       365.71
  147980.287     0.997656       229663       426.67
  148504.575     0.998047       229751       512.00
  148897.791     0.998242       229803       568.89
  149422.079     0.998437       229852       640.00
  149815.295     0.998633       229891       731.43
  150339.583     0.998828       229933       853.33
  150994.943     0.999023       229981      1024.00
  151257.087     0.999121       230006      1137.78
  151519.231     0.999219       230023      1280.00
  151781.375     0.999316       230044      1462.86
  152305.663     0.999414       230064      1706.67
  152698.879     0.999512       230087      2048.00
  152961.023     0.999561       230099      2275.56
  153223.167     0.999609       230111      2560.00
  153616.383     0.999658       230119      2925.71
  154009.599     0.999707       230132      3413.33
  154533.887     0.999756       230147      4096.00
  154533.887     0.999780       230147      4551.11
  154796.031     0.999805       230153      5120.00
  155189.247     0.999829       230159      5851.43
  155451.391     0.999854       230164      6826.67
  155582.463     0.999878       230169      8192.00
  155844.607     0.999890       230173      9102.22
  156106.751     0.999902       230176     10240.00
  156237.823     0.999915       230178     11702.86
  156368.895     0.999927       230183     13653.33
  156368.895     0.999939       230183     16384.00
  156631.039     0.999945       230186     18204.44
  156631.039     0.999951       230186     20480.00
  156893.183     0.999957       230188     23405.71
  157024.255     0.999963       230190     27306.67
  157024.255     0.999969       230190     32768.00
  157155.327     0.999973       230191     36408.89
  157286.399     0.999976       230192     40960.00
  157417.471     0.999979       230196     46811.43
  157417.471     0.999982       230196     54613.33
  157417.471     0.999985       230196     65536.00
  157417.471     0.999986       230196     72817.78
  157417.471     0.999988       230196     81920.00
  157417.471     0.999989       230196     93622.86
  157417.471     0.999991       230196    109226.67
  157417.471     0.999992       230196    131072.00
  157417.471     0.999993       230196    145635.56
  157417.471     0.999994       230196    163840.00
  157417.471     0.999995       230196    187245.71
  157417.471     0.999995       230196    218453.33
  157548.543     0.999996       230197    262144.00
  157548.543     1.000000       230197          inf
#[Mean    =    67444.409, StdDeviation   =    37548.922]
#[Max     =   157417.472, Total count    =       230197]
#[Buckets =           27, SubBuckets     =         2048]
-----------------------------------------------------------------------
  237493 requests in 5.00m, 64.25MB read
  Non-2xx or 3xx responses: 600
Requests/sec:    791.64  
Transfer/sec:    219.30KB
