Running 1m test @ http://nginx-thrift.social-network.svc.cluster.local:8080/wrk2-api/home-timeline/read
  2 threads and 100 connections

  Thread calibration: mean lat.: 3387.907ms, rate sampling interval: 12615ms
  Thread calibration: mean lat.: 3429.475ms, rate sampling interval: 12713ms

-----------------------------------------------------------------------
Test Results @ http://nginx-thrift.social-network.svc.cluster.local:8080/wrk2-api/home-timeline/read 
  Thread Stats   Avg      Stdev     99%   +/- Stdev
    Latency    24.43s     9.98s   44.53s    60.41%
    Req/Sec   184.17      9.12   193.00     83.33%
  Latency Distribution (HdrHistogram - Recorded Latency)
 50.000%   24.25s 
 75.000%   32.54s 
 90.000%   37.95s 
 99.000%   44.53s 
 99.900%   49.05s 
 99.990%    0.88m 
 99.999%    0.88m 
100.000%    0.88m 

  Detailed Percentile spectrum:
       Value   Percentile   TotalCount 1/(1-Percentile)

    6729.727     0.000000            1         1.00
   10461.183     0.100000         1820         1.11
   14557.183     0.200000         3638         1.25
   17793.023     0.300000         5457         1.43
   21102.591     0.400000         7277         1.67
   24248.319     0.500000         9101         2.00
   25985.023     0.550000        10008         2.22
   27656.191     0.600000        10916         2.50
   29163.519     0.650000        11823         2.86
   30785.535     0.700000        12734         3.33
   32538.623     0.750000        13645         4.00
   33439.743     0.775000        14097         4.44
   34406.399     0.800000        14566         5.00
   35258.367     0.825000        15021         5.71
   36077.567     0.850000        15477         6.67
   36962.303     0.875000        15914         8.00
   37486.591     0.887500        16149         8.89
   37945.343     0.900000        16375        10.00
   38404.095     0.912500        16606        11.43
   38862.847     0.925000        16826        13.33
   39550.975     0.937500        17056        16.00
   39976.959     0.943750        17167        17.78
   40435.711     0.950000        17278        20.00
   40927.231     0.956250        17397        22.86
   41320.447     0.962500        17509        26.67
   41713.663     0.968750        17629        32.00
   41877.503     0.971875        17679        35.56
   42074.111     0.975000        17736        40.00
   42303.487     0.978125        17791        45.71
   42598.399     0.981250        17849        53.33
   42958.847     0.984375        17904        64.00
   43352.063     0.985938        17934        71.11
   43876.351     0.987500        17962        80.00
   44269.567     0.989062        17990        91.43
   44630.015     0.990625        18017       106.67
   44924.927     0.992188        18046       128.00
   45088.767     0.992969        18061       142.22
   45252.607     0.993750        18076       160.00
   45416.447     0.994531        18089       182.86
   45580.287     0.995313        18102       213.33
   45776.895     0.996094        18116       256.00
   45907.967     0.996484        18124       284.44
   46104.575     0.996875        18132       320.00
   46465.023     0.997266        18138       365.71
   47251.455     0.997656        18145       426.67
   47841.279     0.998047        18152       512.00
   48136.191     0.998242        18156       568.89
   48300.031     0.998437        18159       640.00
   48594.943     0.998633        18163       731.43
   48791.551     0.998828        18166       853.33
   49053.695     0.999023        18170      1024.00
   49348.607     0.999121        18172      1137.78
   50724.863     0.999219        18173      1280.00
   51249.151     0.999316        18175      1462.86
   51511.295     0.999414        18177      1706.67
   51806.207     0.999512        18179      2048.00
   51937.279     0.999561        18180      2275.56
   51937.279     0.999609        18180      2560.00
   52035.583     0.999658        18181      2925.71
   52199.423     0.999707        18182      3413.33
   52330.495     0.999756        18183      4096.00
   52461.567     0.999780        18184      4551.11
   52461.567     0.999805        18184      5120.00
   52461.567     0.999829        18184      5851.43
   52625.407     0.999854        18185      6826.67
   52625.407     0.999878        18185      8192.00
   52789.247     0.999890        18186      9102.22
   52789.247     0.999902        18186     10240.00
   52789.247     0.999915        18186     11702.86
   52789.247     0.999927        18186     13653.33
   52789.247     0.999939        18186     16384.00
   52920.319     0.999945        18187     18204.44
   52920.319     1.000000        18187          inf
#[Mean    =    24428.697, StdDeviation   =     9975.434]
#[Max     =    52887.552, Total count    =        18187]
#[Buckets =           27, SubBuckets     =         2048]
-----------------------------------------------------------------------
  21359 requests in 1.00m, 5.80MB read
  Non-2xx or 3xx responses: 199
Requests/sec:    355.94  
Transfer/sec:     98.95KB
