Running 2m test @ http://nginx-thrift.social-network.svc.cluster.local:8080/wrk2-api/home-timeline/read
  2 threads and 100 connections

  Thread calibration: mean lat.: 2268.597ms, rate sampling interval: 7823ms
  Thread calibration: mean lat.: 2371.569ms, rate sampling interval: 8175ms

-----------------------------------------------------------------------
Test Results @ http://nginx-thrift.social-network.svc.cluster.local:8080/wrk2-api/home-timeline/read 
  Thread Stats   Avg      Stdev     99%   +/- Stdev
    Latency    30.32s    15.49s    1.04m    59.93%
    Req/Sec   176.19     11.21   195.00     62.96%
  Latency Distribution (HdrHistogram - Recorded Latency)
 50.000%   30.36s 
 75.000%   42.86s 
 90.000%    0.85m 
 99.000%    1.04m 
 99.900%    1.14m 
 99.990%    1.18m 
 99.999%    1.19m 
100.000%    1.19m 

  Detailed Percentile spectrum:
       Value   Percentile   TotalCount 1/(1-Percentile)

    3860.479     0.000000            1         1.00
    9461.759     0.100000         3894         1.11
   14303.231     0.200000         7781         1.25
   19480.575     0.300000        11679         1.43
   24936.447     0.400000        15573         1.67
   30359.551     0.500000        19454         2.00
   32604.159     0.550000        21401         2.22
   35160.063     0.600000        23352         2.50
   37650.431     0.650000        25314         2.86
   40042.495     0.700000        27248         3.33
   42860.543     0.750000        29195         4.00
   44105.727     0.775000        30167         4.44
   45252.607     0.800000        31128         5.00
   46596.095     0.825000        32105         5.71
   48267.263     0.850000        33084         6.67
   49774.591     0.875000        34053         8.00
   50528.255     0.887500        34541         8.89
   51249.151     0.900000        35030        10.00
   52035.583     0.912500        35502        11.43
   53116.927     0.925000        35990        13.33
   54460.415     0.937500        36474        16.00
   55181.311     0.943750        36733        17.78
   55803.903     0.950000        36969        20.00
   56459.263     0.956250        37208        22.86
   57081.855     0.962500        37455        26.67
   57737.215     0.968750        37692        32.00
   58195.967     0.971875        37818        35.56
   58785.791     0.975000        37934        40.00
   59703.295     0.978125        38057        45.71
   60588.031     0.981250        38177        53.33
   61374.463     0.984375        38301        64.00
   61734.911     0.985938        38361        71.11
   62095.359     0.987500        38423        80.00
   62423.039     0.989062        38483        91.43
   62717.951     0.990625        38543       106.67
   63078.399     0.992188        38608       128.00
   63209.471     0.992969        38632       142.22
   63406.079     0.993750        38662       160.00
   63602.687     0.994531        38693       182.86
   63832.063     0.995313        38723       213.33
   64126.975     0.996094        38755       256.00
   64258.047     0.996484        38769       284.44
   64454.655     0.996875        38788       320.00
   64651.263     0.997266        38799       365.71
   65011.711     0.997656        38814       426.67
   65798.143     0.998047        38830       512.00
   65994.751     0.998242        38837       568.89
   66748.415     0.998437        38845       640.00
   67239.935     0.998633        38852       731.43
   67829.759     0.998828        38860       853.33
   68354.047     0.999023        38869      1024.00
   68419.583     0.999121        38871      1137.78
   68616.191     0.999219        38877      1280.00
   68747.263     0.999316        38880      1462.86
   68943.871     0.999414        38883      1706.67
   69206.015     0.999512        38887      2048.00
   69337.087     0.999561        38888      2275.56
   69533.695     0.999609        38890      2560.00
   69861.375     0.999658        38892      2925.71
   70123.519     0.999707        38894      3413.33
   70320.127     0.999756        38896      4096.00
   70451.199     0.999780        38897      4551.11
   70582.271     0.999805        38898      5120.00
   70713.343     0.999829        38899      5851.43
   70778.879     0.999854        38900      6826.67
   70844.415     0.999878        38901      8192.00
   70844.415     0.999890        38901      9102.22
   70909.951     0.999902        38902     10240.00
   70909.951     0.999915        38902     11702.86
   70975.487     0.999927        38903     13653.33
   70975.487     0.999939        38903     16384.00
   70975.487     0.999945        38903     18204.44
   71041.023     0.999951        38904     20480.00
   71041.023     0.999957        38904     23405.71
   71041.023     0.999963        38904     27306.67
   71041.023     0.999969        38904     32768.00
   71041.023     0.999973        38904     36408.89
   71172.095     0.999976        38905     40960.00
   71172.095     1.000000        38905          inf
#[Mean    =    30318.261, StdDeviation   =    15485.379]
#[Max     =    71106.560, Total count    =        38905]
#[Buckets =           27, SubBuckets     =         2048]
-----------------------------------------------------------------------
  42256 requests in 2.00m, 11.47MB read
  Non-2xx or 3xx responses: 228
Requests/sec:    352.12  
Transfer/sec:     97.83KB
