Running 1m test @ http://nginx-thrift.social-network.svc.cluster.local:8080/wrk2-api/home-timeline/read
  2 threads and 100 connections

  Thread calibration: mean lat.: 3011.659ms, rate sampling interval: 10387ms
  Thread calibration: mean lat.: 2985.852ms, rate sampling interval: 10354ms

-----------------------------------------------------------------------
Test Results @ http://nginx-thrift.social-network.svc.cluster.local:8080/wrk2-api/home-timeline/read 
  Thread Stats   Avg      Stdev     99%   +/- Stdev
    Latency    18.76s     8.27s   39.45s    63.77%
    Req/Sec   186.00     12.64   209.00     62.50%
  Latency Distribution (HdrHistogram - Recorded Latency)
 50.000%   18.10s 
 75.000%   24.44s 
 90.000%   30.39s 
 99.000%   39.45s 
 99.900%   43.58s 
 99.990%   44.53s 
 99.999%   44.73s 
100.000%   44.73s 

  Detailed Percentile spectrum:
       Value   Percentile   TotalCount 1/(1-Percentile)

    5013.503     0.000000            1         1.00
    8155.135     0.100000         1847         1.11
   10788.863     0.200000         3699         1.25
   13295.615     0.300000         5539         1.43
   15646.719     0.400000         7386         1.67
   18104.319     0.500000         9239         2.00
   19169.279     0.550000        10159         2.22
   20381.695     0.600000        11075         2.50
   21872.639     0.650000        12008         2.86
   23134.207     0.700000        12930         3.33
   24444.927     0.750000        13850         4.00
   25362.431     0.775000        14306         4.44
   26247.167     0.800000        14770         5.00
   27033.599     0.825000        15243         5.71
   27754.495     0.850000        15691         6.67
   28655.615     0.875000        16154         8.00
   29474.815     0.887500        16383         8.89
   30392.319     0.900000        16613        10.00
   31195.135     0.912500        16849        11.43
   31834.111     0.925000        17076        13.33
   32456.703     0.937500        17309        16.00
   32784.383     0.943750        17423        17.78
   33128.447     0.950000        17541        20.00
   33472.511     0.956250        17654        22.86
   33914.879     0.962500        17767        26.67
   35422.207     0.968750        17883        32.00
   36143.103     0.971875        17939        35.56
   36732.927     0.975000        17998        40.00
   37224.447     0.978125        18058        45.71
   37683.199     0.981250        18112        53.33
   38141.951     0.984375        18171        64.00
   38436.863     0.985938        18200        71.11
   38764.543     0.987500        18228        80.00
   39157.759     0.989062        18258        91.43
   39878.655     0.990625        18285       106.67
   40730.623     0.992188        18316       128.00
   41058.303     0.992969        18331       142.22
   41353.215     0.993750        18343       160.00
   41779.199     0.994531        18359       182.86
   42074.111     0.995313        18373       213.33
   42369.023     0.996094        18387       256.00
   42532.863     0.996484        18394       284.44
   42696.703     0.996875        18401       320.00
   42860.543     0.997266        18409       365.71
   42991.615     0.997656        18416       426.67
   43155.455     0.998047        18422       512.00
   43253.759     0.998242        18428       568.89
   43319.295     0.998437        18431       640.00
   43352.063     0.998633        18433       731.43
   43515.903     0.998828        18438       853.33
   43581.439     0.999023        18442      1024.00
   43581.439     0.999121        18442      1137.78
   43646.975     0.999219        18444      1280.00
   43745.279     0.999316        18446      1462.86
   43843.583     0.999414        18448      1706.67
   43909.119     0.999512        18449      2048.00
   43974.655     0.999561        18450      2275.56
   44040.191     0.999609        18451      2560.00
   44105.727     0.999658        18452      2925.71
   44236.799     0.999707        18453      3413.33
   44335.103     0.999756        18454      4096.00
   44335.103     0.999780        18454      4551.11
   44433.407     0.999805        18455      5120.00
   44433.407     0.999829        18455      5851.43
   44531.711     0.999854        18456      6826.67
   44531.711     0.999878        18456      8192.00
   44531.711     0.999890        18456      9102.22
   44630.015     0.999902        18457     10240.00
   44630.015     0.999915        18457     11702.86
   44630.015     0.999927        18457     13653.33
   44630.015     0.999939        18457     16384.00
   44630.015     0.999945        18457     18204.44
   44728.319     0.999951        18458     20480.00
   44728.319     1.000000        18458          inf
#[Mean    =    18763.099, StdDeviation   =     8270.135]
#[Max     =    44695.552, Total count    =        18458]
#[Buckets =           27, SubBuckets     =         2048]
-----------------------------------------------------------------------
  21523 requests in 1.00m, 5.84MB read
  Non-2xx or 3xx responses: 199
Requests/sec:    358.48  
Transfer/sec:     99.64KB
