Running 1m test @ http://nginx-thrift.social-network.svc.cluster.local:8080/wrk2-api/home-timeline/read
  2 threads and 100 connections

  Thread calibration: mean lat.: 3705.405ms, rate sampling interval: 13590ms
  Thread calibration: mean lat.: 3685.170ms, rate sampling interval: 13524ms

-----------------------------------------------------------------------
Test Results @ http://nginx-thrift.social-network.svc.cluster.local:8080/wrk2-api/home-timeline/read 
  Thread Stats   Avg      Stdev     99%   +/- Stdev
    Latency    25.68s    10.73s   46.69s    59.29%
    Req/Sec   183.67     11.38   196.00    100.00%
  Latency Distribution (HdrHistogram - Recorded Latency)
 50.000%   25.64s 
 75.000%   34.67s 
 90.000%   40.11s 
 99.000%   46.69s 
 99.900%   49.55s 
 99.990%    0.90m 
 99.999%    0.90m 
100.000%    0.90m 

  Detailed Percentile spectrum:
       Value   Percentile   TotalCount 1/(1-Percentile)

    7213.055     0.000000            1         1.00
   10739.711     0.100000         1832         1.11
   14680.063     0.200000         3652         1.25
   18251.775     0.300000         5481         1.43
   22233.087     0.400000         7307         1.67
   25640.959     0.500000         9128         2.00
   27508.735     0.550000        10049         2.22
   29327.359     0.600000        10957         2.50
   31096.831     0.650000        11871         2.86
   32784.383     0.700000        12782         3.33
   34668.543     0.750000        13702         4.00
   35520.511     0.775000        14149         4.44
   36438.015     0.800000        14608         5.00
   37388.287     0.825000        15068         5.71
   38305.791     0.850000        15524         6.67
   39223.295     0.875000        15992         8.00
   39649.279     0.887500        16202         8.89
   40108.031     0.900000        16431        10.00
   40665.087     0.912500        16669        11.43
   41189.375     0.925000        16890        13.33
   41713.663     0.937500        17114        16.00
   42106.879     0.943750        17234        17.78
   42532.863     0.950000        17347        20.00
   42926.079     0.956250        17458        22.86
   43352.063     0.962500        17574        26.67
   43909.119     0.968750        17685        32.00
   44171.263     0.971875        17749        35.56
   44367.871     0.975000        17798        40.00
   44597.247     0.978125        17857        45.71
   44826.623     0.981250        17915        53.33
   45350.911     0.984375        17971        64.00
   45809.663     0.985938        18003        71.11
   46137.343     0.987500        18026        80.00
   46497.791     0.989062        18057        91.43
   46825.471     0.990625        18085       106.67
   47054.847     0.992188        18112       128.00
   47218.687     0.992969        18129       142.22
   47349.759     0.993750        18142       160.00
   47480.831     0.994531        18156       182.86
   47611.903     0.995313        18171       213.33
   47710.207     0.996094        18186       256.00
   47775.743     0.996484        18190       284.44
   47841.279     0.996875        18199       320.00
   47939.583     0.997266        18208       365.71
   48037.887     0.997656        18212       426.67
   48234.495     0.998047        18219       512.00
   48463.871     0.998242        18222       568.89
   48726.015     0.998437        18226       640.00
   49053.695     0.998633        18230       731.43
   49217.535     0.998828        18233       853.33
   49741.823     0.999023        18237      1024.00
   49872.895     0.999121        18238      1137.78
   50364.415     0.999219        18240      1280.00
   50724.863     0.999316        18242      1462.86
   51052.543     0.999414        18244      1706.67
   52396.031     0.999512        18246      2048.00
   52396.031     0.999561        18246      2275.56
   52953.087     0.999609        18247      2560.00
   53084.159     0.999658        18248      2925.71
   53313.535     0.999707        18249      3413.33
   53477.375     0.999756        18250      4096.00
   53477.375     0.999780        18250      4551.11
   53641.215     0.999805        18251      5120.00
   53641.215     0.999829        18251      5851.43
   53805.055     0.999854        18252      6826.67
   53805.055     0.999878        18252      8192.00
   53805.055     0.999890        18252      9102.22
   53936.127     0.999902        18253     10240.00
   53936.127     0.999915        18253     11702.86
   53936.127     0.999927        18253     13653.33
   53936.127     0.999939        18253     16384.00
   53936.127     0.999945        18253     18204.44
   54099.967     0.999951        18254     20480.00
   54099.967     1.000000        18254          inf
#[Mean    =    25683.514, StdDeviation   =    10730.724]
#[Max     =    54067.200, Total count    =        18254]
#[Buckets =           27, SubBuckets     =         2048]
-----------------------------------------------------------------------
  21363 requests in 1.00m, 5.80MB read
  Non-2xx or 3xx responses: 227
Requests/sec:    356.04  
Transfer/sec:     99.00KB
