Running 1m test @ http://nginx-thrift.social-network.svc.cluster.local:8080/wrk2-api/home-timeline/read
  2 threads and 100 connections

  Thread calibration: mean lat.: 1786.254ms, rate sampling interval: 6418ms
  Thread calibration: mean lat.: 1773.741ms, rate sampling interval: 6049ms

-----------------------------------------------------------------------
Test Results @ http://nginx-thrift.social-network.svc.cluster.local:8080/wrk2-api/home-timeline/read 
  Thread Stats   Avg      Stdev     99%   +/- Stdev
    Latency     8.95s     4.93s   26.08s    71.53%
    Req/Sec   192.87      7.77   206.00     73.33%
  Latency Distribution (HdrHistogram - Recorded Latency)
 50.000%    7.43s 
 75.000%   10.86s 
 90.000%   16.33s 
 99.000%   26.08s 
 99.900%   28.38s 
 99.990%   35.52s 
 99.999%   35.59s 
100.000%   35.59s 

  Detailed Percentile spectrum:
       Value   Percentile   TotalCount 1/(1-Percentile)

    2059.263     0.000000            1         1.00
    4155.391     0.100000         1921         1.11
    5074.943     0.200000         3840         1.25
    5853.183     0.300000         5756         1.43
    6672.383     0.400000         7679         1.67
    7426.047     0.500000         9597         2.00
    7880.703     0.550000        10553         2.22
    8343.551     0.600000        11517         2.50
    8839.167     0.650000        12478         2.86
    9428.991     0.700000        13429         3.33
   10870.783     0.750000        14391         4.00
   12517.375     0.775000        14867         4.44
   13803.519     0.800000        15350         5.00
   14606.335     0.825000        15830         5.71
   15179.775     0.850000        16307         6.67
   15745.023     0.875000        16788         8.00
   16015.359     0.887500        17030         8.89
   16326.655     0.900000        17272        10.00
   16621.567     0.912500        17506        11.43
   17022.975     0.925000        17751        13.33
   17383.423     0.937500        17997        16.00
   17498.111     0.943750        18110        17.78
   17645.567     0.950000        18232        20.00
   17874.943     0.956250        18350        22.86
   18087.935     0.962500        18475        26.67
   18399.231     0.968750        18585        32.00
   18694.143     0.971875        18644        35.56
   22085.631     0.975000        18704        40.00
   23330.815     0.978125        18764        45.71
   24150.015     0.981250        18826        53.33
   24821.759     0.984375        18884        64.00
   25214.975     0.985938        18914        71.11
   25559.039     0.987500        18944        80.00
   25886.719     0.989062        18975        91.43
   26214.399     0.990625        19005       106.67
   26460.159     0.992188        19037       128.00
   26558.463     0.992969        19051       142.22
   26673.151     0.993750        19064       160.00
   26771.455     0.994531        19081       182.86
   26902.527     0.995313        19094       213.33
   27017.215     0.996094        19109       256.00
   27181.055     0.996484        19118       284.44
   27410.431     0.996875        19125       320.00
   27492.351     0.997266        19131       365.71
   27574.271     0.997656        19139       426.67
   27688.959     0.998047        19146       512.00
   27738.111     0.998242        19152       568.89
   27754.495     0.998437        19154       640.00
   28131.327     0.998633        19157       731.43
   28327.935     0.998828        19161       853.33
   28377.087     0.999023        19165      1024.00
   28704.767     0.999121        19167      1137.78
   28721.151     0.999219        19169      1280.00
   28737.535     0.999316        19170      1462.86
   35192.831     0.999414        19172      1706.67
   35356.671     0.999512        19174      2048.00
   35389.439     0.999561        19175      2275.56
   35422.207     0.999609        19176      2560.00
   35454.975     0.999658        19177      2925.71
   35487.743     0.999707        19180      3413.33
   35487.743     0.999756        19180      4096.00
   35487.743     0.999780        19180      4551.11
   35487.743     0.999805        19180      5120.00
   35487.743     0.999829        19180      5851.43
   35520.511     0.999854        19181      6826.67
   35520.511     0.999878        19181      8192.00
   35520.511     0.999890        19181      9102.22
   35553.279     0.999902        19182     10240.00
   35553.279     0.999915        19182     11702.86
   35553.279     0.999927        19182     13653.33
   35553.279     0.999939        19182     16384.00
   35553.279     0.999945        19182     18204.44
   35586.047     0.999951        19183     20480.00
   35586.047     1.000000        19183          inf
#[Mean    =     8951.065, StdDeviation   =     4927.723]
#[Max     =    35553.280, Total count    =        19183]
#[Buckets =           27, SubBuckets     =         2048]
-----------------------------------------------------------------------
  21953 requests in 1.00m, 5.96MB read
  Non-2xx or 3xx responses: 209
Requests/sec:    365.69  
Transfer/sec:    101.62KB
