Running 2m test @ http://nginx-thrift.social-network.svc.cluster.local:8080/wrk2-api/home-timeline/read
  2 threads and 100 connections

  Thread calibration: mean lat.: 3961.732ms, rate sampling interval: 14335ms
  Thread calibration: mean lat.: 3993.632ms, rate sampling interval: 14327ms

-----------------------------------------------------------------------
Test Results @ http://nginx-thrift.social-network.svc.cluster.local:8080/wrk2-api/home-timeline/read 
  Thread Stats   Avg      Stdev     99%   +/- Stdev
    Latency     0.85m    25.68s    1.61m    57.69%
    Req/Sec   182.86      8.48   199.00     78.57%
  Latency Distribution (HdrHistogram - Recorded Latency)
 50.000%    0.85m 
 75.000%    1.22m 
 90.000%    1.44m 
 99.000%    1.61m 
 99.900%    1.67m 
 99.990%    1.69m 
 99.999%    1.70m 
100.000%    1.70m 

  Detailed Percentile spectrum:
       Value   Percentile   TotalCount 1/(1-Percentile)

    7741.439     0.000000            1         1.00
   15761.407     0.100000         4005         1.11
   24215.551     0.200000         8007         1.25
   32899.071     0.300000        12014         1.43
   42303.487     0.400000        16018         1.67
   51216.383     0.500000        20014         2.00
   55640.063     0.550000        22019         2.22
   60260.351     0.600000        24025         2.50
   64782.335     0.650000        26024         2.86
   69140.479     0.700000        28048         3.33
   73465.855     0.750000        30027         4.00
   75628.543     0.775000        31045         4.44
   77791.231     0.800000        32035         5.00
   80019.455     0.825000        33020         5.71
   82182.143     0.850000        34037         6.67
   84279.295     0.875000        35043         8.00
   85393.407     0.887500        35533         8.89
   86573.055     0.900000        36043        10.00
   87752.703     0.912500        36538        11.43
   88932.351     0.925000        37027        13.33
   90111.999     0.937500        37540        16.00
   90767.359     0.943750        37798        17.78
   91357.183     0.950000        38024        20.00
   91947.007     0.956250        38275        22.86
   92536.831     0.962500        38524        26.67
   93323.263     0.968750        38780        32.00
   93782.015     0.971875        38917        35.56
   94109.695     0.975000        39035        40.00
   94437.375     0.978125        39149        45.71
   94830.591     0.981250        39288        53.33
   95354.879     0.984375        39404        64.00
   95748.095     0.985938        39470        71.11
   96075.775     0.987500        39534        80.00
   96403.455     0.989062        39597        91.43
   96665.599     0.990625        39657       106.67
   96927.743     0.992188        39715       128.00
   97124.351     0.992969        39759       142.22
   97255.423     0.993750        39777       160.00
   97517.567     0.994531        39808       182.86
   97910.783     0.995313        39837       213.33
   98369.535     0.996094        39870       256.00
   98566.143     0.996484        39886       284.44
   98762.751     0.996875        39904       320.00
   98959.359     0.997266        39920       365.71
   99090.431     0.997656        39934       426.67
   99287.039     0.998047        39949       512.00
   99352.575     0.998242        39954       568.89
   99483.647     0.998437        39962       640.00
   99614.719     0.998633        39970       731.43
   99876.863     0.998828        39978       853.33
  100204.543     0.999023        39986      1024.00
  100466.687     0.999121        39990      1137.78
  100532.223     0.999219        39993      1280.00
  100663.295     0.999316        39997      1462.86
  100859.903     0.999414        40002      1706.67
  101056.511     0.999512        40005      2048.00
  101122.047     0.999561        40008      2275.56
  101187.583     0.999609        40009      2560.00
  101253.119     0.999658        40011      2925.71
  101318.655     0.999707        40014      3413.33
  101449.727     0.999756        40015      4096.00
  101515.263     0.999780        40019      4551.11
  101515.263     0.999805        40019      5120.00
  101515.263     0.999829        40019      5851.43
  101515.263     0.999854        40019      6826.67
  101580.799     0.999878        40020      8192.00
  101580.799     0.999890        40020      9102.22
  101646.335     0.999902        40022     10240.00
  101646.335     0.999915        40022     11702.86
  101646.335     0.999927        40022     13653.33
  101646.335     0.999939        40022     16384.00
  101646.335     0.999945        40022     18204.44
  101711.871     0.999951        40024     20480.00
  101711.871     1.000000        40024          inf
#[Mean    =    51260.637, StdDeviation   =    25681.626]
#[Max     =   101646.336, Total count    =        40024]
#[Buckets =           27, SubBuckets     =         2048]
-----------------------------------------------------------------------
  43557 requests in 2.00m, 11.82MB read
  Non-2xx or 3xx responses: 230
Requests/sec:    362.91  
Transfer/sec:    100.84KB
