Running 1m test @ http://nginx-thrift.social-network.svc.cluster.local:8080/wrk2-api/home-timeline/read
  2 threads and 100 connections

  Thread calibration: mean lat.: 4286.615ms, rate sampling interval: 15163ms
  Thread calibration: mean lat.: 4309.872ms, rate sampling interval: 15138ms

-----------------------------------------------------------------------
Test Results @ http://nginx-thrift.social-network.svc.cluster.local:8080/wrk2-api/home-timeline/read 
  Thread Stats   Avg      Stdev     99%   +/- Stdev
    Latency    29.43s    11.86s   50.04s    58.39%
    Req/Sec   180.00      7.14   186.00     83.33%
  Latency Distribution (HdrHistogram - Recorded Latency)
 50.000%   29.79s 
 75.000%   39.62s 
 90.000%   45.51s 
 99.000%   50.04s 
 99.900%    0.88m 
 99.990%    0.89m 
 99.999%    0.89m 
100.000%    0.89m 

  Detailed Percentile spectrum:
       Value   Percentile   TotalCount 1/(1-Percentile)

    8105.983     0.000000            1         1.00
   12730.367     0.100000         1808         1.11
   16809.983     0.200000         3622         1.25
   21577.727     0.300000         5425         1.43
   25739.263     0.400000         7238         1.67
   29786.111     0.500000         9039         2.00
   31637.503     0.550000         9949         2.22
   33619.967     0.600000        10845         2.50
   35815.423     0.650000        11748         2.86
   37781.503     0.700000        12654         3.33
   39616.511     0.750000        13563         4.00
   40501.247     0.775000        14022         4.44
   41484.287     0.800000        14470         5.00
   42434.559     0.825000        14913         5.71
   43515.903     0.850000        15372         6.67
   44498.943     0.875000        15816         8.00
   44990.463     0.887500        16043         8.89
   45514.751     0.900000        16278        10.00
   45973.503     0.912500        16492        11.43
   46465.023     0.925000        16729        13.33
   46923.775     0.937500        16949        16.00
   47153.151     0.943750        17057        17.78
   47448.063     0.950000        17173        20.00
   47808.511     0.956250        17291        22.86
   48136.191     0.962500        17406        26.67
   48463.871     0.968750        17518        32.00
   48627.711     0.971875        17572        35.56
   48791.551     0.975000        17629        40.00
   48955.391     0.978125        17683        45.71
   49151.999     0.981250        17746        53.33
   49315.839     0.984375        17792        64.00
   49446.911     0.985938        17821        71.11
   49577.983     0.987500        17848        80.00
   49872.895     0.989062        17877        91.43
   50167.807     0.990625        17905       106.67
   50495.487     0.992188        17934       128.00
   50626.559     0.992969        17946       142.22
   50823.167     0.993750        17964       160.00
   50987.007     0.994531        17979       182.86
   51118.079     0.995313        17990       213.33
   51281.919     0.996094        18004       256.00
   51380.223     0.996484        18010       284.44
   51511.295     0.996875        18021       320.00
   51576.831     0.997266        18024       365.71
   51707.903     0.997656        18031       426.67
   51904.511     0.998047        18038       512.00
   52101.119     0.998242        18042       568.89
   52232.191     0.998437        18045       640.00
   52363.263     0.998633        18049       731.43
   52494.335     0.998828        18052       853.33
   52658.175     0.999023        18056      1024.00
   52756.479     0.999121        18058      1137.78
   52789.247     0.999219        18059      1280.00
   52887.551     0.999316        18061      1462.86
   52920.319     0.999414        18063      1706.67
   53051.391     0.999512        18065      2048.00
   53084.159     0.999561        18067      2275.56
   53084.159     0.999609        18067      2560.00
   53084.159     0.999658        18067      2925.71
   53116.927     0.999707        18068      3413.33
   53247.999     0.999756        18069      4096.00
   53280.767     0.999780        18071      4551.11
   53280.767     0.999805        18071      5120.00
   53280.767     0.999829        18071      5851.43
   53280.767     0.999854        18071      6826.67
   53280.767     0.999878        18071      8192.00
   53346.303     0.999890        18072      9102.22
   53346.303     0.999902        18072     10240.00
   53346.303     0.999915        18072     11702.86
   53346.303     0.999927        18072     13653.33
   53346.303     0.999939        18072     16384.00
   53477.375     0.999945        18073     18204.44
   53477.375     1.000000        18073          inf
#[Mean    =    29429.074, StdDeviation   =    11863.286]
#[Max     =    53444.608, Total count    =        18073]
#[Buckets =           27, SubBuckets     =         2048]
-----------------------------------------------------------------------
  20769 requests in 1.00m, 5.64MB read
  Non-2xx or 3xx responses: 215
Requests/sec:    346.11  
Transfer/sec:     96.24KB
