Running 2m test @ http://nginx-thrift.social-network.svc.cluster.local:8080/wrk2-api/home-timeline/read
  2 threads and 100 connections

  Thread calibration: mean lat.: 4116.976ms, rate sampling interval: 14737ms
  Thread calibration: mean lat.: 4007.031ms, rate sampling interval: 14655ms

-----------------------------------------------------------------------
Test Results @ http://nginx-thrift.social-network.svc.cluster.local:8080/wrk2-api/home-timeline/read 
  Thread Stats   Avg      Stdev     99%   +/- Stdev
    Latency     0.87m    24.93s    1.59m    58.76%
    Req/Sec   184.43      9.42   203.00     78.57%
  Latency Distribution (HdrHistogram - Recorded Latency)
 50.000%    0.87m 
 75.000%    1.22m 
 90.000%    1.44m 
 99.000%    1.59m 
 99.900%    1.64m 
 99.990%    1.68m 
 99.999%    1.69m 
100.000%    1.69m 

  Detailed Percentile spectrum:
       Value   Percentile   TotalCount 1/(1-Percentile)

    7802.879     0.000000            1         1.00
   17481.727     0.100000         4091         1.11
   26558.463     0.200000         8169         1.25
   35028.991     0.300000        12254         1.43
   44105.727     0.400000        16336         1.67
   52461.567     0.500000        20426         2.00
   56623.103     0.550000        22476         2.22
   60850.175     0.600000        24510         2.50
   65208.319     0.650000        26555         2.86
   69271.551     0.700000        28622         3.33
   73334.783     0.750000        30645         4.00
   75366.399     0.775000        31662         4.44
   77463.551     0.800000        32696         5.00
   79691.775     0.825000        33700         5.71
   82051.071     0.850000        34741         6.67
   84279.295     0.875000        35763         8.00
   85393.407     0.887500        36250         8.89
   86573.055     0.900000        36775        10.00
   87687.167     0.912500        37287        11.43
   88801.279     0.925000        37791        13.33
   89915.391     0.937500        38322        16.00
   90439.679     0.943750        38572        17.78
   90963.967     0.950000        38832        20.00
   91488.255     0.956250        39073        22.86
   92078.079     0.962500        39326        26.67
   92667.903     0.968750        39572        32.00
   92930.047     0.971875        39695        35.56
   93257.727     0.975000        39840        40.00
   93519.871     0.978125        39948        45.71
   93913.087     0.981250        40081        53.33
   94437.375     0.984375        40206        64.00
   94699.519     0.985938        40271        71.11
   94961.663     0.987500        40332        80.00
   95223.807     0.989062        40399        91.43
   95485.951     0.990625        40468       106.67
   95748.095     0.992188        40533       128.00
   95879.167     0.992969        40558       142.22
   96075.775     0.993750        40594       160.00
   96272.383     0.994531        40618       182.86
   96600.063     0.995313        40650       213.33
   97058.815     0.996094        40682       256.00
   97255.423     0.996484        40701       284.44
   97452.031     0.996875        40719       320.00
   97583.103     0.997266        40728       365.71
   97779.711     0.997656        40746       426.67
   97976.319     0.998047        40760       512.00
   98107.391     0.998242        40771       568.89
   98238.463     0.998437        40779       640.00
   98369.535     0.998633        40788       731.43
   98566.143     0.998828        40793       853.33
   98762.751     0.999023        40800      1024.00
   98959.359     0.999121        40804      1137.78
   99155.967     0.999219        40808      1280.00
   99483.647     0.999316        40812      1462.86
   99680.255     0.999414        40816      1706.67
   99942.399     0.999512        40820      2048.00
  100073.471     0.999561        40822      2275.56
  100204.543     0.999609        40824      2560.00
  100335.615     0.999658        40827      2925.71
  100401.151     0.999707        40828      3413.33
  100466.687     0.999756        40830      4096.00
  100532.223     0.999780        40831      4551.11
  100663.295     0.999805        40833      5120.00
  100663.295     0.999829        40833      5851.43
  100728.831     0.999854        40834      6826.67
  100794.367     0.999878        40836      8192.00
  100794.367     0.999890        40836      9102.22
  100794.367     0.999902        40836     10240.00
  100794.367     0.999915        40836     11702.86
  100859.903     0.999927        40837     13653.33
  100859.903     0.999939        40837     16384.00
  100859.903     0.999945        40837     18204.44
  100925.439     0.999951        40838     20480.00
  100925.439     0.999957        40838     23405.71
  100925.439     0.999963        40838     27306.67
  100925.439     0.999969        40838     32768.00
  100925.439     0.999973        40838     36408.89
  101122.047     0.999976        40839     40960.00
  101122.047     1.000000        40839          inf
#[Mean    =    52152.913, StdDeviation   =    24934.762]
#[Max     =   101056.512, Total count    =        40839]
#[Buckets =           27, SubBuckets     =         2048]
-----------------------------------------------------------------------
  43802 requests in 2.00m, 11.89MB read
  Non-2xx or 3xx responses: 328
Requests/sec:    365.01  
Transfer/sec:    101.43KB
