Running 2m test @ http://nginx-thrift.social-network.svc.cluster.local:8080/wrk2-api/home-timeline/read
  2 threads and 100 connections

  Thread calibration: mean lat.: 3471.376ms, rate sampling interval: 13058ms
  Thread calibration: mean lat.: 3281.889ms, rate sampling interval: 12009ms

-----------------------------------------------------------------------
Test Results @ http://nginx-thrift.social-network.svc.cluster.local:8080/wrk2-api/home-timeline/read 
  Thread Stats   Avg      Stdev     99%   +/- Stdev
    Latency    46.59s    22.70s    1.45m    57.37%
    Req/Sec   182.82     11.60   211.00     82.35%
  Latency Distribution (HdrHistogram - Recorded Latency)
 50.000%   46.96s 
 75.000%    1.11m 
 90.000%    1.29m 
 99.000%    1.45m 
 99.900%    1.50m 
 99.990%    1.55m 
 99.999%    1.55m 
100.000%    1.55m 

  Detailed Percentile spectrum:
       Value   Percentile   TotalCount 1/(1-Percentile)

    6602.751     0.000000            1         1.00
   14573.567     0.100000         4039         1.11
   22675.455     0.200000         8074         1.25
   31539.199     0.300000        12122         1.43
   39583.743     0.400000        16157         1.67
   46956.543     0.500000        20187         2.00
   50593.791     0.550000        22206         2.22
   54362.111     0.600000        24231         2.50
   58327.039     0.650000        26242         2.86
   62488.575     0.700000        28270         3.33
   66453.503     0.750000        30278         4.00
   68288.511     0.775000        31296         4.44
   70057.983     0.800000        32301         5.00
   71892.991     0.825000        33335         5.71
   73662.463     0.850000        34352         6.67
   75366.399     0.875000        35334         8.00
   76283.903     0.887500        35845         8.89
   77201.407     0.900000        36353        10.00
   78053.375     0.912500        36841        11.43
   78970.879     0.925000        37348        13.33
   79953.919     0.937500        37861        16.00
   80478.207     0.943750        38108        17.78
   81068.031     0.950000        38365        20.00
   81657.855     0.956250        38600        22.86
   82378.751     0.962500        38855        26.67
   83165.183     0.968750        39129        32.00
   83492.863     0.971875        39247        35.56
   83886.079     0.975000        39379        40.00
   84279.295     0.978125        39485        45.71
   84934.655     0.981250        39621        53.33
   85590.015     0.984375        39740        64.00
   85917.695     0.985938        39800        71.11
   86245.375     0.987500        39866        80.00
   86573.055     0.989062        39928        91.43
   86900.735     0.990625        39987       106.67
   87359.487     0.992188        40053       128.00
   87556.095     0.992969        40082       142.22
   87883.775     0.993750        40120       160.00
   88145.919     0.994531        40145       182.86
   88539.135     0.995313        40179       213.33
   88866.815     0.996094        40208       256.00
   89063.423     0.996484        40227       284.44
   89194.495     0.996875        40240       320.00
   89325.567     0.997266        40256       365.71
   89456.639     0.997656        40271       426.67
   89718.783     0.998047        40293       512.00
   89784.319     0.998242        40297       568.89
   89849.855     0.998437        40303       640.00
   89980.927     0.998633        40311       731.43
   90046.463     0.998828        40318       853.33
   90177.535     0.999023        40327      1024.00
   90308.607     0.999121        40334      1137.78
   90308.607     0.999219        40334      1280.00
   90439.679     0.999316        40342      1462.86
   90439.679     0.999414        40342      1706.67
   90636.287     0.999512        40347      2048.00
   90701.823     0.999561        40348      2275.56
   90898.431     0.999609        40350      2560.00
   91095.039     0.999658        40352      2925.71
   91357.183     0.999707        40354      3413.33
   92078.079     0.999756        40356      4096.00
   92209.151     0.999780        40357      4551.11
   92340.223     0.999805        40358      5120.00
   92471.295     0.999829        40359      5851.43
   92602.367     0.999854        40360      6826.67
   92733.439     0.999878        40361      8192.00
   92733.439     0.999890        40361      9102.22
   92864.511     0.999902        40362     10240.00
   92864.511     0.999915        40362     11702.86
   92930.047     0.999927        40363     13653.33
   92930.047     0.999939        40363     16384.00
   92930.047     0.999945        40363     18204.44
   93126.655     0.999951        40364     20480.00
   93126.655     0.999957        40364     23405.71
   93126.655     0.999963        40364     27306.67
   93126.655     0.999969        40364     32768.00
   93126.655     0.999973        40364     36408.89
   93257.727     0.999976        40365     40960.00
   93257.727     1.000000        40365          inf
#[Mean    =    46591.502, StdDeviation   =    22695.092]
#[Max     =    93192.192, Total count    =        40365]
#[Buckets =           27, SubBuckets     =         2048]
-----------------------------------------------------------------------
  43280 requests in 2.00m, 11.74MB read
  Non-2xx or 3xx responses: 216
Requests/sec:    360.65  
Transfer/sec:    100.18KB
