Running 1m test @ http://nginx-thrift.social-network.svc.cluster.local:8080/wrk2-api/home-timeline/read
  2 threads and 100 connections

  Thread calibration: mean lat.: 2581.062ms, rate sampling interval: 8839ms
  Thread calibration: mean lat.: 2493.647ms, rate sampling interval: 8437ms

-----------------------------------------------------------------------
Test Results @ http://nginx-thrift.social-network.svc.cluster.local:8080/wrk2-api/home-timeline/read 
  Thread Stats   Avg      Stdev     99%   +/- Stdev
    Latency    14.64s     6.33s   29.23s    62.65%
    Req/Sec   201.80      9.61   214.00     60.00%
  Latency Distribution (HdrHistogram - Recorded Latency)
 50.000%   14.11s 
 75.000%   19.38s 
 90.000%   22.77s 
 99.000%   29.23s 
 99.900%   40.01s 
 99.990%   41.45s 
 99.999%   41.58s 
100.000%   41.58s 

  Detailed Percentile spectrum:
       Value   Percentile   TotalCount 1/(1-Percentile)

    3911.679     0.000000            1         1.00
    6574.079     0.100000         2001         1.11
    8454.143     0.200000         4005         1.25
   10354.687     0.300000         6001         1.43
   12148.735     0.400000         8000         1.67
   14114.815     0.500000         9996         2.00
   15048.703     0.550000        11003         2.22
   16097.279     0.600000        11996         2.50
   17154.047     0.650000        12999         2.86
   18251.775     0.700000        13994         3.33
   19382.271     0.750000        14996         4.00
   20004.863     0.775000        15504         4.44
   20529.151     0.800000        15996         5.00
   21086.207     0.825000        16493         5.71
   21626.879     0.850000        17000         6.67
   22167.551     0.875000        17502         8.00
   22429.695     0.887500        17745         8.89
   22773.759     0.900000        18002        10.00
   23216.127     0.912500        18247        11.43
   23724.031     0.925000        18495        13.33
   24592.383     0.937500        18741        16.00
   25149.439     0.943750        18869        17.78
   25722.879     0.950000        18992        20.00
   26296.319     0.956250        19116        22.86
   26804.223     0.962500        19241        26.67
   27328.511     0.968750        19366        32.00
   27557.887     0.971875        19431        35.56
   27803.647     0.975000        19493        40.00
   28049.407     0.978125        19554        45.71
   28311.551     0.981250        19619        53.33
   28540.927     0.984375        19678        64.00
   28671.999     0.985938        19711        71.11
   28852.223     0.987500        19743        80.00
   29065.215     0.989062        19772        91.43
   29343.743     0.990625        19805       106.67
   29622.271     0.992188        19835       128.00
   29868.031     0.992969        19853       142.22
   30195.711     0.993750        19866       160.00
   32276.479     0.994531        19881       182.86
   33210.367     0.995313        19897       213.33
   33783.807     0.996094        19912       256.00
   34144.255     0.996484        19920       284.44
   34406.399     0.996875        19928       320.00
   34897.919     0.997266        19936       365.71
   35553.279     0.997656        19944       426.67
   38207.487     0.998047        19951       512.00
   38928.383     0.998242        19955       568.89
   39223.295     0.998437        19959       640.00
   39518.207     0.998633        19963       731.43
   39813.119     0.998828        19967       853.33
   40075.263     0.999023        19971      1024.00
   40239.103     0.999121        19973      1137.78
   40435.711     0.999219        19975      1280.00
   40566.783     0.999316        19977      1462.86
   40763.391     0.999414        19979      1706.67
   40927.231     0.999512        19981      2048.00
   41025.535     0.999561        19982      2275.56
   41123.839     0.999609        19983      2560.00
   41189.375     0.999658        19984      2925.71
   41287.679     0.999707        19985      3413.33
   41320.447     0.999756        19986      4096.00
   41320.447     0.999780        19986      4551.11
   41385.983     0.999805        19987      5120.00
   41385.983     0.999829        19987      5851.43
   41451.519     0.999854        19988      6826.67
   41451.519     0.999878        19988      8192.00
   41451.519     0.999890        19988      9102.22
   41517.055     0.999902        19989     10240.00
   41517.055     0.999915        19989     11702.86
   41517.055     0.999927        19989     13653.33
   41517.055     0.999939        19989     16384.00
   41517.055     0.999945        19989     18204.44
   41582.591     0.999951        19990     20480.00
   41582.591     1.000000        19990          inf
#[Mean    =    14637.757, StdDeviation   =     6328.020]
#[Max     =    41549.824, Total count    =        19990]
#[Buckets =           27, SubBuckets     =         2048]
-----------------------------------------------------------------------
  23469 requests in 1.00m, 6.36MB read
  Non-2xx or 3xx responses: 120
Requests/sec:    391.13  
Transfer/sec:    108.60KB
