Running 2m test @ http://nginx-thrift.social-network.svc.cluster.local:8080/wrk2-api/home-timeline/read
  2 threads and 100 connections

  Thread calibration: mean lat.: 3491.389ms, rate sampling interval: 12369ms
  Thread calibration: mean lat.: 3574.062ms, rate sampling interval: 12492ms

-----------------------------------------------------------------------
Test Results @ http://nginx-thrift.social-network.svc.cluster.local:8080/wrk2-api/home-timeline/read 
  Thread Stats   Avg      Stdev     99%   +/- Stdev
    Latency    42.69s    20.80s    1.33m    58.00%
    Req/Sec   183.69      5.43   191.00     75.00%
  Latency Distribution (HdrHistogram - Recorded Latency)
 50.000%   42.60s 
 75.000%    1.01m 
 90.000%    1.18m 
 99.000%    1.33m 
 99.900%    1.42m 
 99.990%    1.46m 
 99.999%    1.47m 
100.000%    1.47m 

  Detailed Percentile spectrum:
       Value   Percentile   TotalCount 1/(1-Percentile)

    6381.567     0.000000            1         1.00
   13942.783     0.100000         4058         1.11
   21315.583     0.200000         8120         1.25
   28213.247     0.300000        12166         1.43
   35520.511     0.400000        16235         1.67
   42598.399     0.500000        20276         2.00
   46202.879     0.550000        22315         2.22
   49872.895     0.600000        24345         2.50
   53641.215     0.650000        26365         2.86
   57278.463     0.700000        28398         3.33
   60751.871     0.750000        30433         4.00
   62554.111     0.775000        31428         4.44
   64258.047     0.800000        32447         5.00
   65961.983     0.825000        33457         5.71
   67633.151     0.850000        34486         6.67
   69337.087     0.875000        35504         8.00
   70189.055     0.887500        36021         8.89
   70909.951     0.900000        36509        10.00
   71696.383     0.912500        37029        11.43
   72613.887     0.925000        37535        13.33
   73662.463     0.937500        38046        16.00
   74186.751     0.943750        38294        17.78
   74711.039     0.950000        38544        20.00
   75235.327     0.956250        38792        22.86
   75825.151     0.962500        39045        26.67
   76414.975     0.968750        39295        32.00
   76742.655     0.971875        39425        35.56
   77135.871     0.975000        39540        40.00
   77660.159     0.978125        39664        45.71
   78184.447     0.981250        39790        53.33
   78774.271     0.984375        39928        64.00
   79036.415     0.985938        39986        71.11
   79364.095     0.987500        40052        80.00
   79691.775     0.989062        40114        91.43
   80019.455     0.990625        40175       106.67
   80478.207     0.992188        40238       128.00
   80871.423     0.992969        40269       142.22
   81461.247     0.993750        40299       160.00
   81985.535     0.994531        40329       182.86
   82444.287     0.995313        40363       213.33
   82968.575     0.996094        40392       256.00
   83230.719     0.996484        40408       284.44
   83492.863     0.996875        40427       320.00
   83755.007     0.997266        40442       365.71
   83951.615     0.997656        40455       426.67
   84279.295     0.998047        40473       512.00
   84410.367     0.998242        40479       568.89
   84606.975     0.998437        40487       640.00
   84803.583     0.998633        40495       731.43
   85131.263     0.998828        40504       853.33
   85458.943     0.999023        40511      1024.00
   85655.551     0.999121        40515      1137.78
   85983.231     0.999219        40519      1280.00
   86179.839     0.999316        40523      1462.86
   86507.519     0.999414        40527      1706.67
   86704.127     0.999512        40531      2048.00
   86835.199     0.999561        40533      2275.56
   87097.343     0.999609        40536      2560.00
   87228.415     0.999658        40538      2925.71
   87359.487     0.999707        40540      3413.33
   87490.559     0.999756        40542      4096.00
   87490.559     0.999780        40542      4551.11
   87621.631     0.999805        40543      5120.00
   87687.167     0.999829        40545      5851.43
   87687.167     0.999854        40545      6826.67
   87818.239     0.999878        40546      8192.00
   87818.239     0.999890        40546      9102.22
   87883.775     0.999902        40547     10240.00
   87883.775     0.999915        40547     11702.86
   88014.847     0.999927        40548     13653.33
   88014.847     0.999939        40548     16384.00
   88014.847     0.999945        40548     18204.44
   88080.383     0.999951        40549     20480.00
   88080.383     0.999957        40549     23405.71
   88080.383     0.999963        40549     27306.67
   88080.383     0.999969        40549     32768.00
   88080.383     0.999973        40549     36408.89
   88276.991     0.999976        40550     40960.00
   88276.991     1.000000        40550          inf
#[Mean    =    42685.938, StdDeviation   =    20798.443]
#[Max     =    88211.456, Total count    =        40550]
#[Buckets =           27, SubBuckets     =         2048]
-----------------------------------------------------------------------
  43645 requests in 2.00m, 11.84MB read
  Non-2xx or 3xx responses: 279
Requests/sec:    363.64  
Transfer/sec:    101.03KB
