Running 2m test @ http://nginx-thrift.social-network.svc.cluster.local:8080/wrk2-api/home-timeline/read
  2 threads and 100 connections

  Thread calibration: mean lat.: 2412.532ms, rate sampling interval: 8110ms
  Thread calibration: mean lat.: 2601.232ms, rate sampling interval: 8986ms

-----------------------------------------------------------------------
Test Results @ http://nginx-thrift.social-network.svc.cluster.local:8080/wrk2-api/home-timeline/read 
  Thread Stats   Avg      Stdev     99%   +/- Stdev
    Latency    21.43s    10.86s   48.04s    62.26%
    Req/Sec   190.48     11.20   210.00     64.00%
  Latency Distribution (HdrHistogram - Recorded Latency)
 50.000%   20.35s 
 75.000%   29.11s 
 90.000%   36.04s 
 99.000%   48.04s 
 99.900%    0.85m 
 99.990%    0.97m 
 99.999%    0.97m 
100.000%    0.97m 

  Detailed Percentile spectrum:
       Value   Percentile   TotalCount 1/(1-Percentile)

    3485.695     0.000000            1         1.00
    7761.919     0.100000         4188         1.11
   10821.631     0.200000         8375         1.25
   13901.823     0.300000        12568         1.43
   17170.431     0.400000        16750         1.67
   20348.927     0.500000        20945         2.00
   21954.559     0.550000        23035         2.22
   23969.791     0.600000        25121         2.50
   25739.263     0.650000        27236         2.86
   27312.127     0.700000        29318         3.33
   29114.367     0.750000        31406         4.00
   30425.087     0.775000        32451         4.44
   31670.271     0.800000        33500         5.00
   32718.847     0.825000        34545         5.71
   33685.503     0.850000        35614         6.67
   34734.079     0.875000        36652         8.00
   35323.903     0.887500        37181         8.89
   36044.799     0.900000        37685        10.00
   37060.607     0.912500        38215        11.43
   38666.239     0.925000        38730        13.33
   40042.495     0.937500        39253        16.00
   40665.087     0.943750        39516        17.78
   41254.911     0.950000        39779        20.00
   41877.503     0.956250        40040        22.86
   42434.559     0.962500        40302        26.67
   42958.847     0.968750        40565        32.00
   43253.759     0.971875        40703        35.56
   43581.439     0.975000        40823        40.00
   44040.191     0.978125        40953        45.71
   44630.015     0.981250        41084        53.33
   45711.359     0.984375        41215        64.00
   46596.095     0.985938        41282        71.11
   47218.687     0.987500        41345        80.00
   47775.743     0.989062        41414        91.43
   48201.727     0.990625        41476       106.67
   48660.479     0.992188        41543       128.00
   48857.087     0.992969        41574       142.22
   49151.999     0.993750        41611       160.00
   49414.143     0.994531        41641       182.86
   49610.751     0.995313        41673       213.33
   49872.895     0.996094        41708       256.00
   49971.199     0.996484        41725       284.44
   50069.503     0.996875        41738       320.00
   50266.111     0.997266        41754       365.71
   50495.487     0.997656        41770       426.67
   50659.327     0.998047        41788       512.00
   50757.631     0.998242        41795       568.89
   50855.935     0.998437        41805       640.00
   50954.239     0.998633        41814       731.43
   51019.775     0.998828        41820       853.33
   51281.919     0.999023        41828      1024.00
   51380.223     0.999121        41832      1137.78
   51675.135     0.999219        41836      1280.00
   51838.975     0.999316        41841      1462.86
   56623.103     0.999414        41844      1706.67
   56918.015     0.999512        41848      2048.00
   57114.623     0.999561        41850      2275.56
   57180.159     0.999609        41852      2560.00
   57311.231     0.999658        41854      2925.71
   57540.607     0.999707        41857      3413.33
   57638.911     0.999756        41859      4096.00
   57638.911     0.999780        41859      4551.11
   57737.215     0.999805        41860      5120.00
   57802.751     0.999829        41861      5851.43
   57835.519     0.999854        41862      6826.67
   57868.287     0.999878        41863      8192.00
   57901.055     0.999890        41865      9102.22
   57901.055     0.999902        41865     10240.00
   57901.055     0.999915        41865     11702.86
   57901.055     0.999927        41865     13653.33
   57933.823     0.999939        41866     16384.00
   57933.823     0.999945        41866     18204.44
   57933.823     0.999951        41866     20480.00
   57966.591     0.999957        41867     23405.71
   57966.591     0.999963        41867     27306.67
   57966.591     0.999969        41867     32768.00
   57966.591     0.999973        41867     36408.89
   57966.591     0.999976        41867     40960.00
   57999.359     0.999979        41868     46811.43
   57999.359     1.000000        41868          inf
#[Mean    =    21431.265, StdDeviation   =    10855.097]
#[Max     =    57966.592, Total count    =        41868]
#[Buckets =           27, SubBuckets     =         2048]
-----------------------------------------------------------------------
  44494 requests in 2.00m, 12.07MB read
  Non-2xx or 3xx responses: 276
Requests/sec:    370.62  
Transfer/sec:    102.96KB
