Running 2m test @ http://nginx-thrift.social-network.svc.cluster.local:8080/wrk2-api/home-timeline/read
  2 threads and 100 connections

  Thread calibration: mean lat.: 3049.841ms, rate sampling interval: 11370ms
  Thread calibration: mean lat.: 3090.574ms, rate sampling interval: 11362ms

-----------------------------------------------------------------------
Test Results @ http://nginx-thrift.social-network.svc.cluster.local:8080/wrk2-api/home-timeline/read 
  Thread Stats   Avg      Stdev     99%   +/- Stdev
    Latency    38.71s    19.28s    1.26m    58.53%
    Req/Sec   188.67     10.83   208.00     66.67%
  Latency Distribution (HdrHistogram - Recorded Latency)
 50.000%   37.62s 
 75.000%    0.92m 
 90.000%    1.10m 
 99.000%    1.26m 
 99.900%    1.33m 
 99.990%    1.35m 
 99.999%    1.35m 
100.000%    1.35m 

  Detailed Percentile spectrum:
       Value   Percentile   TotalCount 1/(1-Percentile)

    5869.567     0.000000            1         1.00
   12877.823     0.100000         4154         1.11
   19234.815     0.200000         8312         1.25
   25395.199     0.300000        12461         1.43
   31539.199     0.400000        16604         1.67
   37617.663     0.500000        20765         2.00
   40665.087     0.550000        22842         2.22
   43778.047     0.600000        24909         2.50
   47513.599     0.650000        26981         2.86
   51380.223     0.700000        29061         3.33
   55279.615     0.750000        31134         4.00
   56983.551     0.775000        32183         4.44
   58818.559     0.800000        33219         5.00
   60522.495     0.825000        34246         5.71
   62160.895     0.850000        35281         6.67
   64028.671     0.875000        36333         8.00
   64946.175     0.887500        36855         8.89
   65765.375     0.900000        37357        10.00
   66617.343     0.912500        37882        11.43
   67567.615     0.925000        38408        13.33
   68747.263     0.937500        38935        16.00
   69337.087     0.943750        39198        17.78
   69861.375     0.950000        39445        20.00
   70385.663     0.956250        39694        22.86
   71041.023     0.962500        39981        26.67
   71630.847     0.968750        40215        32.00
   72089.599     0.971875        40346        35.56
   72679.423     0.975000        40477        40.00
   73334.783     0.978125        40604        45.71
   73924.607     0.981250        40731        53.33
   74514.431     0.984375        40860        64.00
   74842.111     0.985938        40926        71.11
   75169.791     0.987500        40996        80.00
   75497.471     0.989062        41058        91.43
   75956.223     0.990625        41123       106.67
   76480.511     0.992188        41185       128.00
   76873.727     0.992969        41218       142.22
   77332.479     0.993750        41250       160.00
   77791.231     0.994531        41283       182.86
   78184.447     0.995313        41316       213.33
   78512.127     0.996094        41346       256.00
   78708.735     0.996484        41363       284.44
   78905.343     0.996875        41384       320.00
   79036.415     0.997266        41396       365.71
   79233.023     0.997656        41413       426.67
   79429.631     0.998047        41429       512.00
   79560.703     0.998242        41439       568.89
   79626.239     0.998437        41446       640.00
   79757.311     0.998633        41452       731.43
   79888.383     0.998828        41462       853.33
   79953.919     0.999023        41467      1024.00
   80019.455     0.999121        41471      1137.78
   80084.991     0.999219        41476      1280.00
   80150.527     0.999316        41481      1462.86
   80216.063     0.999414        41485      1706.67
   80281.599     0.999512        41487      2048.00
   80347.135     0.999561        41489      2275.56
   80412.671     0.999609        41492      2560.00
   80543.743     0.999658        41497      2925.71
   80543.743     0.999707        41497      3413.33
   80543.743     0.999756        41497      4096.00
   80609.279     0.999780        41498      4551.11
   80674.815     0.999805        41500      5120.00
   80674.815     0.999829        41500      5851.43
   80740.351     0.999854        41502      6826.67
   80740.351     0.999878        41502      8192.00
   80805.887     0.999890        41503      9102.22
   80805.887     0.999902        41503     10240.00
   80871.423     0.999915        41504     11702.86
   80871.423     0.999927        41504     13653.33
   80936.959     0.999939        41505     16384.00
   80936.959     0.999945        41505     18204.44
   80936.959     0.999951        41505     20480.00
   81068.031     0.999957        41506     23405.71
   81068.031     0.999963        41506     27306.67
   81068.031     0.999969        41506     32768.00
   81068.031     0.999973        41506     36408.89
   81068.031     0.999976        41506     40960.00
   81199.103     0.999979        41507     46811.43
   81199.103     1.000000        41507          inf
#[Mean    =    38712.006, StdDeviation   =    19284.164]
#[Max     =    81133.568, Total count    =        41507]
#[Buckets =           27, SubBuckets     =         2048]
-----------------------------------------------------------------------
  44703 requests in 2.00m, 12.12MB read
  Non-2xx or 3xx responses: 175
Requests/sec:    372.50  
Transfer/sec:    103.45KB
