Running 2m test @ http://nginx-thrift.social-network.svc.cluster.local:8080/wrk2-api/home-timeline/read
  2 threads and 100 connections

  Thread calibration: mean lat.: 352.581ms, rate sampling interval: 964ms
  Thread calibration: mean lat.: 351.576ms, rate sampling interval: 932ms

-----------------------------------------------------------------------
Test Results @ http://nginx-thrift.social-network.svc.cluster.local:8080/wrk2-api/home-timeline/read 
  Thread Stats   Avg      Stdev     99%   +/- Stdev
    Latency     4.49s     5.71s   24.81s    86.31%
    Req/Sec   164.78     20.62   206.00     73.16%
  Latency Distribution (HdrHistogram - Recorded Latency)
 50.000%  574.97ms
 75.000%    8.18s 
 90.000%   12.43s 
 99.000%   24.81s 
 99.900%   31.26s 
 99.990%   31.87s 
 99.999%   31.93s 
100.000%   31.93s 

  Detailed Percentile spectrum:
       Value   Percentile   TotalCount 1/(1-Percentile)

      33.663     0.000000            1         1.00
     245.247     0.100000         3637         1.11
     260.735     0.200000         7279         1.25
     288.511     0.300000        10911         1.43
     357.887     0.400000        14546         1.67
     574.975     0.500000        18176         2.00
    2078.719     0.550000        19997         2.22
    4024.319     0.600000        21812         2.50
    5779.455     0.650000        23632         2.86
    7192.575     0.700000        25447         3.33
    8183.807     0.750000        27269         4.00
    8667.135     0.775000        28185         4.44
    9109.503     0.800000        29083         5.00
    9543.679     0.825000        29995         5.71
    9961.471     0.850000        30916         6.67
   10895.359     0.875000        31810         8.00
   11567.103     0.887500        32264         8.89
   12427.263     0.900000        32719        10.00
   13172.735     0.912500        33174        11.43
   13959.167     0.925000        33628        13.33
   14893.055     0.937500        34088        16.00
   15368.191     0.943750        34310        17.78
   15843.327     0.950000        34535        20.00
   16400.383     0.956250        34762        22.86
   17022.975     0.962500        34989        26.67
   17645.567     0.968750        35223        32.00
   17989.631     0.971875        35334        35.56
   18415.615     0.975000        35444        40.00
   18776.063     0.978125        35561        45.71
   19218.431     0.981250        35671        53.33
   22151.167     0.984375        35785        64.00
   23035.903     0.985938        35843        71.11
   23511.039     0.987500        35901        80.00
   24150.015     0.989062        35956        91.43
   25034.751     0.990625        36013       106.67
   25690.111     0.992188        36069       128.00
   26230.783     0.992969        36099       142.22
   26476.543     0.993750        36126       160.00
   26951.679     0.994531        36154       182.86
   27623.423     0.995313        36182       213.33
   28180.479     0.996094        36211       256.00
   28524.543     0.996484        36225       284.44
   29245.439     0.996875        36240       320.00
   29458.431     0.997266        36253       365.71
   29900.799     0.997656        36267       426.67
   30605.311     0.998047        36281       512.00
   30801.919     0.998242        36289       568.89
   30932.991     0.998437        36297       640.00
   31031.295     0.998633        36303       731.43
   31178.751     0.998828        36311       853.33
   31260.671     0.999023        36317      1024.00
   31342.591     0.999121        36321      1137.78
   31457.279     0.999219        36324      1280.00
   31522.815     0.999316        36330      1462.86
   31539.199     0.999414        36334      1706.67
   31571.967     0.999512        36337      2048.00
   31571.967     0.999561        36337      2275.56
   31588.351     0.999609        36339      2560.00
   31604.735     0.999658        36341      2925.71
   31637.503     0.999707        36343      3413.33
   31703.039     0.999756        36344      4096.00
   31752.191     0.999780        36345      4551.11
   31752.191     0.999805        36345      5120.00
   31768.575     0.999829        36346      5851.43
   31817.727     0.999854        36347      6826.67
   31866.879     0.999878        36348      8192.00
   31883.263     0.999890        36351      9102.22
   31883.263     0.999902        36351     10240.00
   31883.263     0.999915        36351     11702.86
   31883.263     0.999927        36351     13653.33
   31883.263     0.999939        36351     16384.00
   31883.263     0.999945        36351     18204.44
   31883.263     0.999951        36351     20480.00
   31883.263     0.999957        36351     23405.71
   31883.263     0.999963        36351     27306.67
   31883.263     0.999969        36351     32768.00
   31932.415     0.999973        36352     36408.89
   31932.415     1.000000        36352          inf
#[Mean    =     4489.291, StdDeviation   =     5708.147]
#[Max     =    31916.032, Total count    =        36352]
#[Buckets =           27, SubBuckets     =         2048]
-----------------------------------------------------------------------
  39547 requests in 2.00m, 10.73MB read
  Non-2xx or 3xx responses: 160
Requests/sec:    329.54  
Transfer/sec:     91.55KB
