Running 1m test @ http://nginx-thrift.social-network.svc.cluster.local:8080/wrk2-api/home-timeline/read
  2 threads and 100 connections

  Thread calibration: mean lat.: 509.774ms, rate sampling interval: 2244ms
  Thread calibration: mean lat.: 567.733ms, rate sampling interval: 2306ms

-----------------------------------------------------------------------
Test Results @ http://nginx-thrift.social-network.svc.cluster.local:8080/wrk2-api/home-timeline/read 
  Thread Stats   Avg      Stdev     99%   +/- Stdev
    Latency     3.30s     4.95s   19.89s    76.61%
    Req/Sec   178.79     10.27   204.00     72.09%
  Latency Distribution (HdrHistogram - Recorded Latency)
 50.000%  375.04ms
 75.000%    8.00s 
 90.000%    9.86s 
 99.000%   19.89s 
 99.900%   20.87s 
 99.990%   21.09s 
 99.999%   29.70s 
100.000%   29.70s 

  Detailed Percentile spectrum:
       Value   Percentile   TotalCount 1/(1-Percentile)

      31.407     0.000000            1         1.00
     241.791     0.100000         1805         1.11
     253.311     0.200000         3606         1.25
     266.239     0.300000         5400         1.43
     292.351     0.400000         7172         1.67
     375.039     0.500000         8957         2.00
     460.031     0.550000         9853         2.22
     731.135     0.600000        10747         2.50
    1076.223     0.650000        11643         2.86
    1396.735     0.700000        12541         3.33
    7999.487     0.750000        13439         4.00
    8388.607     0.775000        13883         4.44
    8740.863     0.800000        14341         5.00
    9035.775     0.825000        14784         5.71
    9338.879     0.850000        15232         6.67
    9609.215     0.875000        15676         8.00
    9740.287     0.887500        15912         8.89
    9863.167     0.900000        16129        10.00
    9986.047     0.912500        16344        11.43
   10100.735     0.925000        16580        13.33
   10256.383     0.937500        16798        16.00
   10477.567     0.943750        16907        17.78
   10813.439     0.950000        17016        20.00
   16015.359     0.956250        17129        22.86
   16924.671     0.962500        17242        26.67
   17661.951     0.968750        17353        32.00
   17907.711     0.971875        17412        35.56
   18038.783     0.975000        17464        40.00
   18300.927     0.978125        17524        45.71
   18595.839     0.981250        17577        53.33
   19070.975     0.984375        17634        64.00
   19267.583     0.985938        17660        71.11
   19447.807     0.987500        17689        80.00
   19742.719     0.989062        17717        91.43
   20004.863     0.990625        17744       106.67
   20135.935     0.992188        17773       128.00
   20201.471     0.992969        17788       142.22
   20267.007     0.993750        17801       160.00
   20332.543     0.994531        17818       182.86
   20381.695     0.995313        17830       213.33
   20447.231     0.996094        17845       256.00
   20479.999     0.996484        17849       284.44
   20529.151     0.996875        17857       320.00
   20594.687     0.997266        17863       365.71
   20676.607     0.997656        17870       426.67
   20725.759     0.998047        17877       512.00
   20742.143     0.998242        17880       568.89
   20774.911     0.998437        17885       640.00
   20807.679     0.998633        17887       731.43
   20840.447     0.998828        17891       853.33
   20873.215     0.999023        17894      1024.00
   20905.983     0.999121        17896      1137.78
   20922.367     0.999219        17898      1280.00
   20938.751     0.999316        17902      1462.86
   20938.751     0.999414        17902      1706.67
   20955.135     0.999512        17903      2048.00
   20971.519     0.999561        17906      2275.56
   20971.519     0.999609        17906      2560.00
   20971.519     0.999658        17906      2925.71
   20971.519     0.999707        17906      3413.33
   21037.055     0.999756        17907      4096.00
   21053.439     0.999780        17908      4551.11
   21053.439     0.999805        17908      5120.00
   21053.439     0.999829        17908      5851.43
   21086.207     0.999854        17909      6826.67
   21086.207     0.999878        17909      8192.00
   29589.503     0.999890        17910      9102.22
   29589.503     0.999902        17910     10240.00
   29589.503     0.999915        17910     11702.86
   29589.503     0.999927        17910     13653.33
   29589.503     0.999939        17910     16384.00
   29704.191     0.999945        17911     18204.44
   29704.191     1.000000        17911          inf
#[Mean    =     3300.993, StdDeviation   =     4954.908]
#[Max     =    29687.808, Total count    =        17911]
#[Buckets =           27, SubBuckets     =         2048]
-----------------------------------------------------------------------
  21409 requests in 1.00m, 5.81MB read
  Non-2xx or 3xx responses: 107
Requests/sec:    356.76  
Transfer/sec:     99.11KB
