Running 1m test @ http://nginx-thrift.social-network.svc.cluster.local:8080/wrk2-api/home-timeline/read
  2 threads and 100 connections

  Thread calibration: mean lat.: 3236.274ms, rate sampling interval: 11862ms
  Thread calibration: mean lat.: 2936.971ms, rate sampling interval: 10747ms

-----------------------------------------------------------------------
Test Results @ http://nginx-thrift.social-network.svc.cluster.local:8080/wrk2-api/home-timeline/read 
  Thread Stats   Avg      Stdev     99%   +/- Stdev
    Latency    22.58s     9.73s   42.60s    60.31%
    Req/Sec   178.38      5.43   185.00     75.00%
  Latency Distribution (HdrHistogram - Recorded Latency)
 50.000%   22.45s 
 75.000%   30.57s 
 90.000%   35.65s 
 99.000%   42.60s 
 99.900%   46.73s 
 99.990%   47.42s 
 99.999%   47.64s 
100.000%   47.64s 

  Detailed Percentile spectrum:
       Value   Percentile   TotalCount 1/(1-Percentile)

    5439.487     0.000000            1         1.00
    9388.031     0.100000         1793         1.11
   12738.559     0.200000         3589         1.25
   15794.175     0.300000         5381         1.43
   19120.127     0.400000         7179         1.67
   22446.079     0.500000         8968         2.00
   23986.175     0.550000         9872         2.22
   25624.575     0.600000        10762         2.50
   27361.279     0.650000        11663         2.86
   28999.679     0.700000        12563         3.33
   30572.543     0.750000        13447         4.00
   31326.207     0.775000        13895         4.44
   32096.255     0.800000        14346         5.00
   32899.071     0.825000        14794         5.71
   33685.503     0.850000        15251         6.67
   34504.703     0.875000        15699         8.00
   34996.223     0.887500        15920         8.89
   35651.583     0.900000        16137        10.00
   36339.711     0.912500        16360        11.43
   37027.839     0.925000        16591        13.33
   37650.431     0.937500        16813        16.00
   37945.343     0.943750        16924        17.78
   38273.023     0.950000        17039        20.00
   38633.471     0.956250        17150        22.86
   39059.455     0.962500        17259        26.67
   39780.351     0.968750        17369        32.00
   40239.103     0.971875        17427        35.56
   40763.391     0.975000        17483        40.00
   41156.607     0.978125        17538        45.71
   41517.055     0.981250        17592        53.33
   41910.271     0.984375        17649        64.00
   42106.879     0.985938        17679        71.11
   42270.719     0.987500        17705        80.00
   42500.095     0.989062        17738        91.43
   42729.471     0.990625        17767       106.67
   42926.079     0.992188        17790       128.00
   43057.151     0.992969        17804       142.22
   43220.991     0.993750        17816       160.00
   43417.599     0.994531        17831       182.86
   43745.279     0.995313        17846       213.33
   44269.567     0.996094        17858       256.00
   44793.855     0.996484        17865       284.44
   45252.607     0.996875        17872       320.00
   45613.055     0.997266        17880       365.71
   45842.431     0.997656        17886       426.67
   46071.807     0.998047        17893       512.00
   46235.647     0.998242        17897       568.89
   46366.719     0.998437        17900       640.00
   46497.791     0.998633        17904       731.43
   46596.095     0.998828        17907       853.33
   46759.935     0.999023        17911      1024.00
   46858.239     0.999121        17913      1137.78
   46891.007     0.999219        17914      1280.00
   46956.543     0.999316        17916      1462.86
   47087.615     0.999414        17920      1706.67
   47087.615     0.999512        17920      2048.00
   47185.919     0.999561        17922      2275.56
   47185.919     0.999609        17922      2560.00
   47185.919     0.999658        17922      2925.71
   47284.223     0.999707        17923      3413.33
   47316.991     0.999756        17925      4096.00
   47316.991     0.999780        17925      4551.11
   47316.991     0.999805        17925      5120.00
   47316.991     0.999829        17925      5851.43
   47415.295     0.999854        17926      6826.67
   47415.295     0.999878        17926      8192.00
   47513.599     0.999890        17927      9102.22
   47513.599     0.999902        17927     10240.00
   47513.599     0.999915        17927     11702.86
   47513.599     0.999927        17927     13653.33
   47513.599     0.999939        17927     16384.00
   47644.671     0.999945        17928     18204.44
   47644.671     1.000000        17928          inf
#[Mean    =    22581.840, StdDeviation   =     9734.237]
#[Max     =    47611.904, Total count    =        17928]
#[Buckets =           27, SubBuckets     =         2048]
-----------------------------------------------------------------------
  20694 requests in 1.00m, 5.62MB read
  Non-2xx or 3xx responses: 226
Requests/sec:    344.86  
Transfer/sec:     95.90KB
