Running 2m test @ http://nginx-thrift.social-network.svc.cluster.local:8080/wrk2-api/home-timeline/read
  2 threads and 100 connections

  Thread calibration: mean lat.: 3582.152ms, rate sampling interval: 13099ms
  Thread calibration: mean lat.: 3608.833ms, rate sampling interval: 13107ms

-----------------------------------------------------------------------
Test Results @ http://nginx-thrift.social-network.svc.cluster.local:8080/wrk2-api/home-timeline/read 
  Thread Stats   Avg      Stdev     99%   +/- Stdev
    Latency    47.80s    23.39s    1.47m    56.99%
    Req/Sec   185.50      9.91   200.00     68.75%
  Latency Distribution (HdrHistogram - Recorded Latency)
 50.000%   48.01s 
 75.000%    1.14m 
 90.000%    1.32m 
 99.000%    1.47m 
 99.900%    1.52m 
 99.990%    1.53m 
 99.999%    1.53m 
100.000%    1.53m 

  Detailed Percentile spectrum:
       Value   Percentile   TotalCount 1/(1-Percentile)

    7012.351     0.000000            1         1.00
   15294.463     0.100000         4110         1.11
   23052.287     0.200000         8223         1.25
   31473.663     0.300000        12328         1.43
   40206.335     0.400000        16445         1.67
   48005.119     0.500000        20558         2.00
   51937.279     0.550000        22607         2.22
   56262.655     0.600000        24656         2.50
   60489.727     0.650000        26721         2.86
   64421.887     0.700000        28774         3.33
   68419.583     0.750000        30832         4.00
   70385.663     0.775000        31857         4.44
   72286.207     0.800000        32904         5.00
   74055.679     0.825000        33908         5.71
   75825.151     0.850000        34938         6.67
   77529.087     0.875000        35963         8.00
   78512.127     0.887500        36489         8.89
   79429.631     0.900000        37013        10.00
   80281.599     0.912500        37515        11.43
   81264.639     0.925000        38043        13.33
   82182.143     0.937500        38533        16.00
   82706.431     0.943750        38796        17.78
   83230.719     0.950000        39042        20.00
   83820.543     0.956250        39298        22.86
   84475.903     0.962500        39560        26.67
   85065.727     0.968750        39823        32.00
   85327.871     0.971875        39936        35.56
   85721.087     0.975000        40069        40.00
   86245.375     0.978125        40205        45.71
   86704.127     0.981250        40327        53.33
   87293.951     0.984375        40465        64.00
   87490.559     0.985938        40515        71.11
   87752.703     0.987500        40581        80.00
   88014.847     0.989062        40655        91.43
   88276.991     0.990625        40721       106.67
   88539.135     0.992188        40783       128.00
   88735.743     0.992969        40812       142.22
   88932.351     0.993750        40837       160.00
   89260.031     0.994531        40867       182.86
   89653.247     0.995313        40907       213.33
   89915.391     0.996094        40933       256.00
   90111.999     0.996484        40950       284.44
   90243.071     0.996875        40963       320.00
   90439.679     0.997266        40981       365.71
   90636.287     0.997656        41000       426.67
   90767.359     0.998047        41013       512.00
   90832.895     0.998242        41020       568.89
   90963.967     0.998437        41033       640.00
   91029.503     0.998633        41040       731.43
   91095.039     0.998828        41046       853.33
   91160.575     0.999023        41053      1024.00
   91226.111     0.999121        41057      1137.78
   91291.647     0.999219        41064      1280.00
   91291.647     0.999316        41064      1462.86
   91357.183     0.999414        41068      1706.67
   91422.719     0.999512        41074      2048.00
   91422.719     0.999561        41074      2275.56
   91488.255     0.999609        41078      2560.00
   91488.255     0.999658        41078      2925.71
   91553.791     0.999707        41081      3413.33
   91553.791     0.999756        41081      4096.00
   91619.327     0.999780        41085      4551.11
   91619.327     0.999805        41085      5120.00
   91619.327     0.999829        41085      5851.43
   91619.327     0.999854        41085      6826.67
   91684.863     0.999878        41087      8192.00
   91684.863     0.999890        41087      9102.22
   91684.863     0.999902        41087     10240.00
   91750.399     0.999915        41089     11702.86
   91750.399     0.999927        41089     13653.33
   91750.399     0.999939        41089     16384.00
   91750.399     0.999945        41089     18204.44
   91750.399     0.999951        41089     20480.00
   91815.935     0.999957        41091     23405.71
   91815.935     1.000000        41091          inf
#[Mean    =    47797.178, StdDeviation   =    23386.755]
#[Max     =    91750.400, Total count    =        41091]
#[Buckets =           27, SubBuckets     =         2048]
-----------------------------------------------------------------------
  44502 requests in 2.00m, 12.07MB read
  Non-2xx or 3xx responses: 219
Requests/sec:    370.73  
Transfer/sec:    102.99KB
