Running 1m test @ http://nginx-thrift.social-network.svc.cluster.local:8080/wrk2-api/home-timeline/read
  2 threads and 100 connections

  Thread calibration: mean lat.: 1921.953ms, rate sampling interval: 6725ms
  Thread calibration: mean lat.: 1934.207ms, rate sampling interval: 6725ms

-----------------------------------------------------------------------
Test Results @ http://nginx-thrift.social-network.svc.cluster.local:8080/wrk2-api/home-timeline/read 
  Thread Stats   Avg      Stdev     99%   +/- Stdev
    Latency    11.41s     5.89s   28.69s    67.14%
    Req/Sec   191.93      9.28   208.00     71.43%
  Latency Distribution (HdrHistogram - Recorded Latency)
 50.000%   10.03s 
 75.000%   14.11s 
 90.000%   20.22s 
 99.000%   28.69s 
 99.900%   29.85s 
 99.990%   30.39s 
 99.999%   30.49s 
100.000%   30.49s 

  Detailed Percentile spectrum:
       Value   Percentile   TotalCount 1/(1-Percentile)

    2775.039     0.000000            1         1.00
    4874.239     0.100000         1935         1.11
    6201.343     0.200000         3870         1.25
    7495.679     0.300000         5808         1.43
    8806.399     0.400000         7741         1.67
   10027.007     0.500000         9683         2.00
   10813.439     0.550000        10654         2.22
   11583.487     0.600000        11619         2.50
   12361.727     0.650000        12577         2.86
   13164.543     0.700000        13549         3.33
   14114.815     0.750000        14512         4.00
   15630.335     0.775000        14994         4.44
   16662.527     0.800000        15479         5.00
   17711.103     0.825000        15964         5.71
   18710.527     0.850000        16448         6.67
   19578.879     0.875000        16938         8.00
   19906.559     0.887500        17177         8.89
   20217.855     0.900000        17424        10.00
   20529.151     0.912500        17659        11.43
   20824.063     0.925000        17896        13.33
   21151.743     0.937500        18139        16.00
   21397.503     0.943750        18266        17.78
   21610.495     0.950000        18380        20.00
   21921.791     0.956250        18506        22.86
   24051.711     0.962500        18622        26.67
   26411.007     0.968750        18743        32.00
   27033.599     0.971875        18805        35.56
   27410.431     0.975000        18865        40.00
   27721.727     0.978125        18924        45.71
   28000.255     0.981250        18987        53.33
   28229.631     0.984375        19045        64.00
   28377.087     0.985938        19075        71.11
   28491.775     0.987500        19108        80.00
   28606.463     0.989062        19137        91.43
   28737.535     0.990625        19168       106.67
   28852.223     0.992188        19197       128.00
   28917.759     0.992969        19211       142.22
   29032.447     0.993750        19228       160.00
   29147.135     0.994531        19242       182.86
   29212.671     0.995313        19257       213.33
   29310.975     0.996094        19273       256.00
   29360.127     0.996484        19280       284.44
   29409.279     0.996875        19287       320.00
   29458.431     0.997266        19295       365.71
   29507.583     0.997656        19303       426.67
   29573.119     0.998047        19310       512.00
   29605.887     0.998242        19314       568.89
   29638.655     0.998437        19319       640.00
   29671.423     0.998633        19321       731.43
   29786.111     0.998828        19325       853.33
   29900.799     0.999023        19329      1024.00
   29966.335     0.999121        19330      1137.78
   29999.103     0.999219        19332      1280.00
   30048.255     0.999316        19334      1462.86
   30113.791     0.999414        19337      1706.67
   30162.943     0.999512        19338      2048.00
   30228.479     0.999561        19339      2275.56
   30244.863     0.999609        19340      2560.00
   30261.247     0.999658        19341      2925.71
   30277.631     0.999707        19342      3413.33
   30310.399     0.999756        19343      4096.00
   30310.399     0.999780        19343      4551.11
   30326.783     0.999805        19344      5120.00
   30326.783     0.999829        19344      5851.43
   30392.319     0.999854        19345      6826.67
   30392.319     0.999878        19345      8192.00
   30392.319     0.999890        19345      9102.22
   30441.471     0.999902        19346     10240.00
   30441.471     0.999915        19346     11702.86
   30441.471     0.999927        19346     13653.33
   30441.471     0.999939        19346     16384.00
   30441.471     0.999945        19346     18204.44
   30490.623     0.999951        19347     20480.00
   30490.623     1.000000        19347          inf
#[Mean    =    11409.062, StdDeviation   =     5893.243]
#[Max     =    30474.240, Total count    =        19347]
#[Buckets =           27, SubBuckets     =         2048]
-----------------------------------------------------------------------
  22592 requests in 1.00m, 6.13MB read
  Non-2xx or 3xx responses: 160
Requests/sec:    376.47  
Transfer/sec:    104.59KB
