Running 2m test @ http://nginx-thrift.social-network.svc.cluster.local:8080/wrk2-api/home-timeline/read
  2 threads and 100 connections

  Thread calibration: mean lat.: 3283.235ms, rate sampling interval: 11608ms
  Thread calibration: mean lat.: 3216.696ms, rate sampling interval: 11436ms

-----------------------------------------------------------------------
Test Results @ http://nginx-thrift.social-network.svc.cluster.local:8080/wrk2-api/home-timeline/read 
  Thread Stats   Avg      Stdev     99%   +/- Stdev
    Latency    37.34s    18.42s    1.19m    58.30%
    Req/Sec   183.39      9.17   198.00     83.33%
  Latency Distribution (HdrHistogram - Recorded Latency)
 50.000%   36.73s 
 75.000%    0.89m 
 90.000%    1.04m 
 99.000%    1.19m 
 99.900%    1.34m 
 99.990%    1.36m 
 99.999%    1.36m 
100.000%    1.36m 

  Detailed Percentile spectrum:
       Value   Percentile   TotalCount 1/(1-Percentile)

    5459.967     0.000000            1         1.00
   12017.663     0.100000         4050         1.11
   18284.543     0.200000         8100         1.25
   25149.439     0.300000        12150         1.43
   30818.303     0.400000        16202         1.67
   36732.927     0.500000        20255         2.00
   39813.119     0.550000        22284         2.22
   43155.455     0.600000        24295         2.50
   46596.095     0.650000        26323         2.86
   49938.431     0.700000        28353         3.33
   53149.695     0.750000        30378         4.00
   54689.791     0.775000        31371         4.44
   56295.423     0.800000        32391         5.00
   57802.751     0.825000        33398         5.71
   59342.847     0.850000        34410         6.67
   60882.943     0.875000        35437         8.00
   61603.839     0.887500        35921         8.89
   62488.575     0.900000        36428        10.00
   63471.615     0.912500        36936        11.43
   64356.351     0.925000        37458        13.33
   65175.551     0.937500        37964        16.00
   65601.535     0.943750        38208        17.78
   66060.287     0.950000        38456        20.00
   66650.111     0.956250        38715        22.86
   67502.079     0.962500        38974        26.67
   68485.119     0.968750        39224        32.00
   68878.335     0.971875        39336        35.56
   69271.551     0.975000        39465        40.00
   69664.767     0.978125        39596        45.71
   70057.983     0.981250        39720        53.33
   70516.735     0.984375        39845        64.00
   70778.879     0.985938        39906        71.11
   71041.023     0.987500        39970        80.00
   71368.703     0.989062        40038        91.43
   71892.991     0.990625        40100       106.67
   72941.567     0.992188        40159       128.00
   73596.927     0.992969        40192       142.22
   74186.751     0.993750        40226       160.00
   74579.967     0.994531        40253       182.86
   75169.791     0.995313        40288       213.33
   75563.007     0.996094        40316       256.00
   75759.615     0.996484        40333       284.44
   75956.223     0.996875        40350       320.00
   76218.367     0.997266        40364       365.71
   76677.119     0.997656        40381       426.67
   77856.767     0.998047        40395       512.00
   78446.591     0.998242        40403       568.89
   78970.879     0.998437        40411       640.00
   79429.631     0.998633        40420       731.43
   79953.919     0.998828        40428       853.33
   80216.063     0.999023        40435      1024.00
   80412.671     0.999121        40439      1137.78
   80609.279     0.999219        40444      1280.00
   80740.351     0.999316        40447      1462.86
   80871.423     0.999414        40451      1706.67
   81068.031     0.999512        40456      2048.00
   81133.567     0.999561        40458      2275.56
   81199.103     0.999609        40459      2560.00
   81264.639     0.999658        40462      2925.71
   81330.175     0.999707        40464      3413.33
   81395.711     0.999756        40465      4096.00
   81461.247     0.999780        40468      4551.11
   81461.247     0.999805        40468      5120.00
   81461.247     0.999829        40468      5851.43
   81526.783     0.999854        40470      6826.67
   81526.783     0.999878        40470      8192.00
   81526.783     0.999890        40470      9102.22
   81592.319     0.999902        40471     10240.00
   81592.319     0.999915        40471     11702.86
   81657.855     0.999927        40473     13653.33
   81657.855     0.999939        40473     16384.00
   81657.855     0.999945        40473     18204.44
   81657.855     0.999951        40473     20480.00
   81657.855     0.999957        40473     23405.71
   81657.855     0.999963        40473     27306.67
   81657.855     0.999969        40473     32768.00
   81657.855     0.999973        40473     36408.89
   81723.391     0.999976        40474     40960.00
   81723.391     1.000000        40474          inf
#[Mean    =    37339.857, StdDeviation   =    18421.801]
#[Max     =    81657.856, Total count    =        40474]
#[Buckets =           27, SubBuckets     =         2048]
-----------------------------------------------------------------------
  43418 requests in 2.00m, 11.78MB read
  Non-2xx or 3xx responses: 286
Requests/sec:    361.79  
Transfer/sec:    100.53KB
