Running 2m test @ http://nginx-thrift.social-network.svc.cluster.local:8080/wrk2-api/home-timeline/read
  2 threads and 100 connections

  Thread calibration: mean lat.: 576.331ms, rate sampling interval: 1752ms
  Thread calibration: mean lat.: 574.233ms, rate sampling interval: 1942ms

-----------------------------------------------------------------------
Test Results @ http://nginx-thrift.social-network.svc.cluster.local:8080/wrk2-api/home-timeline/read 
  Thread Stats   Avg      Stdev     99%   +/- Stdev
    Latency     1.43s     2.73s   10.09s    86.61%
    Req/Sec    25.29      7.98    50.00     84.75%
  Latency Distribution (HdrHistogram - Recorded Latency)
 50.000%  269.82ms
 75.000%  485.63ms
 90.000%    6.47s 
 99.000%   10.09s 
 99.900%   16.70s 
 99.990%   18.06s 
 99.999%   18.06s 
100.000%   18.06s 

  Detailed Percentile spectrum:
       Value   Percentile   TotalCount 1/(1-Percentile)

      27.631     0.000000            1         1.00
     234.623     0.100000          563         1.11
     243.711     0.200000         1126         1.25
     250.879     0.300000         1686         1.43
     258.687     0.400000         2246         1.67
     269.823     0.500000         2815         2.00
     280.319     0.550000         3086         2.22
     320.511     0.600000         3367         2.50
     384.255     0.650000         3646         2.86
     450.559     0.700000         3928         3.33
     485.631     0.750000         4208         4.00
     505.599     0.775000         4350         4.44
     664.575     0.800000         4488         5.00
    1364.991     0.825000         4628         5.71
    3092.479     0.850000         4769         6.67
    4796.415     0.875000         4909         8.00
    4915.199     0.887500         4981         8.89
    6467.583     0.900000         5049        10.00
    6627.327     0.912500         5122        11.43
    6778.879     0.925000         5189        13.33
    8273.919     0.937500         5260        16.00
    8404.991     0.943750         5298        17.78
    8454.143     0.950000         5333        20.00
    8503.295     0.956250         5364        22.86
   10035.199     0.962500         5440        26.67
   10035.199     0.968750         5440        32.00
   10043.391     0.971875         5514        35.56
   10043.391     0.975000         5514        40.00
   10043.391     0.978125         5514        45.71
   10043.391     0.981250         5514        53.33
   10051.583     0.984375         5543        64.00
   10051.583     0.985938         5543        71.11
   10051.583     0.987500         5543        80.00
   10076.159     0.989062         5550        91.43
   10117.119     0.990625         5559       106.67
   10625.023     0.992188         5566       128.00
   10665.983     0.992969         5572       142.22
   10698.751     0.993750         5574       160.00
   11067.391     0.994531         5580       182.86
   12648.447     0.995313         5583       213.33
   12926.975     0.996094         5588       256.00
   14442.495     0.996484         5590       284.44
   14508.031     0.996875         5592       320.00
   14647.295     0.997266         5594       365.71
   14876.671     0.997656         5596       426.67
   16277.503     0.998047         5599       512.00
   16392.191     0.998242         5600       568.89
   16424.959     0.998437         5601       640.00
   16506.879     0.998633         5602       731.43
   16695.295     0.998828         5603       853.33
   18038.783     0.999023         5607      1024.00
   18038.783     0.999121         5607      1137.78
   18038.783     0.999219         5607      1280.00
   18038.783     0.999316         5607      1462.86
   18038.783     0.999414         5607      1706.67
   18038.783     0.999512         5607      2048.00
   18038.783     0.999561         5607      2275.56
   18038.783     0.999609         5607      2560.00
   18055.167     0.999658         5609      2925.71
   18055.167     1.000000         5609          inf
#[Mean    =     1433.701, StdDeviation   =     2727.901]
#[Max     =    18038.784, Total count    =         5609]
#[Buckets =           27, SubBuckets     =         2048]
-----------------------------------------------------------------------
  5867 requests in 2.00m, 1.61MB read
  Socket errors: connect 0, read 0, write 0, timeout 39
  Non-2xx or 3xx responses: 209
Requests/sec:     48.87  
Transfer/sec:     13.76KB
