Running 1m test @ http://nginx-thrift.social-network.svc.cluster.local:8080/wrk2-api/home-timeline/read
  2 threads and 100 connections

  Thread calibration: mean lat.: 3748.173ms, rate sampling interval: 13901ms
  Thread calibration: mean lat.: 3369.933ms, rate sampling interval: 12419ms

-----------------------------------------------------------------------
Test Results @ http://nginx-thrift.social-network.svc.cluster.local:8080/wrk2-api/home-timeline/read 
  Thread Stats   Avg      Stdev     99%   +/- Stdev
    Latency    26.42s    11.11s   46.69s    59.56%
    Req/Sec   178.71      8.26   196.00     85.71%
  Latency Distribution (HdrHistogram - Recorded Latency)
 50.000%   25.94s 
 75.000%   35.78s 
 90.000%   42.07s 
 99.000%   46.69s 
 99.900%   49.55s 
 99.990%   50.59s 
 99.999%    0.85m 
100.000%    0.85m 

  Detailed Percentile spectrum:
       Value   Percentile   TotalCount 1/(1-Percentile)

    6877.183     0.000000            1         1.00
   11296.767     0.100000         1780         1.11
   15474.687     0.200000         3554         1.25
   18710.527     0.300000         5338         1.43
   22298.623     0.400000         7110         1.67
   25935.871     0.500000         8886         2.00
   27738.111     0.550000         9777         2.22
   29769.727     0.600000        10665         2.50
   31932.415     0.650000        11551         2.86
   33914.879     0.700000        12439         3.33
   35782.655     0.750000        13335         4.00
   36896.767     0.775000        13770         4.44
   37945.343     0.800000        14228         5.00
   38993.919     0.825000        14666         5.71
   40075.263     0.850000        15109         6.67
   41058.303     0.875000        15551         8.00
   41549.823     0.887500        15773         8.89
   42074.111     0.900000        15993        10.00
   42565.631     0.912500        16221        11.43
   43024.383     0.925000        16447        13.33
   43483.135     0.937500        16669        16.00
   43712.511     0.943750        16771        17.78
   44007.423     0.950000        16893        20.00
   44335.103     0.956250        16997        22.86
   44662.783     0.962500        17105        26.67
   45055.999     0.968750        17213        32.00
   45285.375     0.971875        17272        35.56
   45514.751     0.975000        17328        40.00
   45711.359     0.978125        17382        45.71
   45940.735     0.981250        17437        53.33
   46170.111     0.984375        17496        64.00
   46301.183     0.985938        17526        71.11
   46432.255     0.987500        17550        80.00
   46596.095     0.989062        17576        91.43
   46792.703     0.990625        17602       106.67
   46989.311     0.992188        17629       128.00
   47153.151     0.992969        17644       142.22
   47382.527     0.993750        17656       160.00
   47611.903     0.994531        17671       182.86
   47906.815     0.995313        17686       213.33
   48168.959     0.996094        17698       256.00
   48332.799     0.996484        17706       284.44
   48496.639     0.996875        17712       320.00
   48693.247     0.997266        17719       365.71
   48922.623     0.997656        17726       426.67
   49053.695     0.998047        17733       512.00
   49151.999     0.998242        17736       568.89
   49283.071     0.998437        17741       640.00
   49348.607     0.998633        17743       731.43
   49446.911     0.998828        17747       853.33
   49577.983     0.999023        17751      1024.00
   49610.751     0.999121        17753      1137.78
   49676.287     0.999219        17754      1280.00
   49709.055     0.999316        17755      1462.86
   49840.127     0.999414        17757      1706.67
   50003.967     0.999512        17761      2048.00
   50003.967     0.999561        17761      2275.56
   50003.967     0.999609        17761      2560.00
   50003.967     0.999658        17761      2925.71
   50036.735     0.999707        17762      3413.33
   50167.807     0.999756        17764      4096.00
   50167.807     0.999780        17764      4551.11
   50167.807     0.999805        17764      5120.00
   50167.807     0.999829        17764      5851.43
   50593.791     0.999854        17765      6826.67
   50593.791     0.999878        17765      8192.00
   50921.471     0.999890        17766      9102.22
   50921.471     0.999902        17766     10240.00
   50921.471     0.999915        17766     11702.86
   50921.471     0.999927        17766     13653.33
   50921.471     0.999939        17766     16384.00
   51281.919     0.999945        17767     18204.44
   51281.919     1.000000        17767          inf
#[Mean    =    26417.747, StdDeviation   =    11108.414]
#[Max     =    51249.152, Total count    =        17767]
#[Buckets =           27, SubBuckets     =         2048]
-----------------------------------------------------------------------
  20944 requests in 1.00m, 5.69MB read
  Non-2xx or 3xx responses: 201
Requests/sec:    349.05  
Transfer/sec:     97.03KB
