Running 1m test @ http://nginx-thrift.social-network.svc.cluster.local:8080/wrk2-api/home-timeline/read
  2 threads and 100 connections

  Thread calibration: mean lat.: 1988.304ms, rate sampling interval: 6696ms
  Thread calibration: mean lat.: 1990.943ms, rate sampling interval: 7020ms

-----------------------------------------------------------------------
Test Results @ http://nginx-thrift.social-network.svc.cluster.local:8080/wrk2-api/home-timeline/read 
  Thread Stats   Avg      Stdev     99%   +/- Stdev
    Latency    13.09s     6.38s   30.20s    65.04%
    Req/Sec   194.14     10.99   211.00     64.29%
  Latency Distribution (HdrHistogram - Recorded Latency)
 50.000%   12.14s 
 75.000%   16.49s 
 90.000%   22.71s 
 99.000%   30.20s 
 99.900%   36.77s 
 99.990%   37.72s 
 99.999%   37.85s 
100.000%   37.85s 

  Detailed Percentile spectrum:
       Value   Percentile   TotalCount 1/(1-Percentile)

    3063.807     0.000000            1         1.00
    5447.679     0.100000         1953         1.11
    7311.359     0.200000         3901         1.25
    8921.087     0.300000         5859         1.43
   10436.607     0.400000         7812         1.67
   12140.543     0.500000         9762         2.00
   12984.319     0.550000        10733         2.22
   13885.439     0.600000        11704         2.50
   14811.135     0.650000        12687         2.86
   15679.487     0.700000        13662         3.33
   16490.495     0.750000        14636         4.00
   17006.591     0.775000        15126         4.44
   18120.703     0.800000        15605         5.00
   19628.031     0.825000        16093         5.71
   20856.831     0.850000        16581         6.67
   21807.103     0.875000        17070         8.00
   22233.087     0.887500        17318         8.89
   22708.223     0.900000        17559        10.00
   23117.823     0.912500        17806        11.43
   23494.655     0.925000        18045        13.33
   23887.871     0.937500        18290        16.00
   24100.863     0.943750        18409        17.78
   24346.623     0.950000        18535        20.00
   24641.535     0.956250        18651        22.86
   25591.807     0.962500        18773        26.67
   26951.679     0.968750        18898        32.00
   27607.039     0.971875        18958        35.56
   28147.711     0.975000        19020        40.00
   28508.159     0.978125        19079        45.71
   28950.527     0.981250        19139        53.33
   29376.511     0.984375        19202        64.00
   29556.735     0.985938        19230        71.11
   29835.263     0.987500        19264        80.00
   30064.639     0.989062        19292        91.43
   30294.015     0.990625        19323       106.67
   30507.007     0.992188        19352       128.00
   30621.695     0.992969        19368       142.22
   30769.151     0.993750        19384       160.00
   30900.223     0.994531        19399       182.86
   31260.671     0.995313        19413       213.33
   31653.887     0.996094        19428       256.00
   31997.951     0.996484        19436       284.44
   34570.239     0.996875        19444       320.00
   34897.919     0.997266        19451       365.71
   35323.903     0.997656        19459       426.67
   35848.191     0.998047        19466       512.00
   36044.799     0.998242        19470       568.89
   36274.175     0.998437        19475       640.00
   36405.247     0.998633        19478       731.43
   36634.623     0.998828        19482       853.33
   36798.463     0.999023        19485      1024.00
   36929.535     0.999121        19487      1137.78
   37027.839     0.999219        19489      1280.00
   37126.143     0.999316        19492      1462.86
   37191.679     0.999414        19493      1706.67
   37322.751     0.999512        19495      2048.00
   37355.519     0.999561        19496      2275.56
   37421.055     0.999609        19497      2560.00
   37486.591     0.999658        19498      2925.71
   37584.895     0.999707        19500      3413.33
   37584.895     0.999756        19500      4096.00
   37584.895     0.999780        19500      4551.11
   37650.431     0.999805        19501      5120.00
   37650.431     0.999829        19501      5851.43
   37715.967     0.999854        19502      6826.67
   37715.967     0.999878        19502      8192.00
   37715.967     0.999890        19502      9102.22
   37814.271     0.999902        19503     10240.00
   37814.271     0.999915        19503     11702.86
   37814.271     0.999927        19503     13653.33
   37814.271     0.999939        19503     16384.00
   37814.271     0.999945        19503     18204.44
   37847.039     0.999951        19504     20480.00
   37847.039     1.000000        19504          inf
#[Mean    =    13090.389, StdDeviation   =     6375.807]
#[Max     =    37814.272, Total count    =        19504]
#[Buckets =           27, SubBuckets     =         2048]
-----------------------------------------------------------------------
  22600 requests in 1.00m, 6.13MB read
  Non-2xx or 3xx responses: 146
Requests/sec:    376.66  
Transfer/sec:    104.64KB
