Running 2m test @ http://nginx-thrift.social-network.svc.cluster.local:8080/wrk2-api/home-timeline/read
  2 threads and 100 connections

  Thread calibration: mean lat.: 4000.133ms, rate sampling interval: 14229ms
  Thread calibration: mean lat.: 4036.423ms, rate sampling interval: 14286ms

-----------------------------------------------------------------------
Test Results @ http://nginx-thrift.social-network.svc.cluster.local:8080/wrk2-api/home-timeline/read 
  Thread Stats   Avg      Stdev     99%   +/- Stdev
    Latency    49.97s    24.01s    1.56m    59.44%
    Req/Sec   186.14     11.27   204.00     71.43%
  Latency Distribution (HdrHistogram - Recorded Latency)
 50.000%   49.74s 
 75.000%    1.16m 
 90.000%    1.40m 
 99.000%    1.56m 
 99.900%    1.62m 
 99.990%    1.66m 
 99.999%    1.67m 
100.000%    1.67m 

  Detailed Percentile spectrum:
       Value   Percentile   TotalCount 1/(1-Percentile)

    7651.327     0.000000            1         1.00
   16891.903     0.100000         4095         1.11
   25690.111     0.200000         8192         1.25
   34013.183     0.300000        12285         1.43
   41910.271     0.400000        16376         1.67
   49741.823     0.500000        20469         2.00
   53575.679     0.550000        22513         2.22
   57376.767     0.600000        24558         2.50
   61276.159     0.650000        26604         2.86
   65339.391     0.700000        28656         3.33
   69468.159     0.750000        30693         4.00
   71892.991     0.775000        31724         4.44
   74252.287     0.800000        32775         5.00
   76546.047     0.825000        33764         5.71
   79101.951     0.850000        34793         6.67
   81592.319     0.875000        35817         8.00
   82771.967     0.887500        36334         8.89
   83951.615     0.900000        36847        10.00
   85131.263     0.912500        37357        11.43
   86310.911     0.925000        37855        13.33
   87490.559     0.937500        38378        16.00
   88080.383     0.943750        38649        17.78
   88604.671     0.950000        38884        20.00
   89128.959     0.956250        39144        22.86
   89718.783     0.962500        39401        26.67
   90439.679     0.968750        39645        32.00
   90898.431     0.971875        39781        35.56
   91291.647     0.975000        39904        40.00
   91684.863     0.978125        40033        45.71
   92143.615     0.981250        40165        53.33
   92667.903     0.984375        40288        64.00
   92995.583     0.985938        40358        71.11
   93323.263     0.987500        40418        80.00
   93650.943     0.989062        40486        91.43
   93913.087     0.990625        40545       106.67
   94240.767     0.992188        40612       128.00
   94371.839     0.992969        40639       142.22
   94568.447     0.993750        40675       160.00
   94765.055     0.994531        40707       182.86
   94961.663     0.995313        40732       213.33
   95354.879     0.996094        40764       256.00
   95551.487     0.996484        40780       284.44
   95813.631     0.996875        40798       320.00
   96010.239     0.997266        40813       365.71
   96272.383     0.997656        40832       426.67
   96534.527     0.998047        40847       512.00
   96600.063     0.998242        40851       568.89
   96731.135     0.998437        40860       640.00
   96862.207     0.998633        40871       731.43
   96927.743     0.998828        40875       853.33
   97124.351     0.999023        40884      1024.00
   97189.887     0.999121        40888      1137.78
   97320.959     0.999219        40892      1280.00
   97452.031     0.999316        40896      1462.86
   97583.103     0.999414        40900      1706.67
   97779.711     0.999512        40904      2048.00
   97845.247     0.999561        40905      2275.56
   97910.783     0.999609        40907      2560.00
   98238.463     0.999658        40909      2925.71
   98500.607     0.999707        40911      3413.33
   98828.287     0.999756        40913      4096.00
   99024.895     0.999780        40914      4551.11
   99155.967     0.999805        40915      5120.00
   99352.575     0.999829        40916      5851.43
   99483.647     0.999854        40917      6826.67
   99680.255     0.999878        40918      8192.00
   99680.255     0.999890        40918      9102.22
   99811.327     0.999902        40919     10240.00
   99811.327     0.999915        40919     11702.86
   99942.399     0.999927        40920     13653.33
   99942.399     0.999939        40920     16384.00
   99942.399     0.999945        40920     18204.44
  100073.471     0.999951        40921     20480.00
  100073.471     0.999957        40921     23405.71
  100073.471     0.999963        40921     27306.67
  100073.471     0.999969        40921     32768.00
  100073.471     0.999973        40921     36408.89
  100270.079     0.999976        40922     40960.00
  100270.079     1.000000        40922          inf
#[Mean    =    49968.002, StdDeviation   =    24013.204]
#[Max     =   100204.544, Total count    =        40922]
#[Buckets =           27, SubBuckets     =         2048]
-----------------------------------------------------------------------
  44114 requests in 2.00m, 11.97MB read
  Non-2xx or 3xx responses: 262
Requests/sec:    367.60  
Transfer/sec:    102.12KB
