Running 2m test @ http://nginx-thrift.social-network.svc.cluster.local:8080/wrk2-api/home-timeline/read
  2 threads and 100 connections

  Thread calibration: mean lat.: 3516.534ms, rate sampling interval: 12255ms
  Thread calibration: mean lat.: 3486.425ms, rate sampling interval: 12255ms

-----------------------------------------------------------------------
Test Results @ http://nginx-thrift.social-network.svc.cluster.local:8080/wrk2-api/home-timeline/read 
  Thread Stats   Avg      Stdev     99%   +/- Stdev
    Latency    45.30s    21.83s    1.39m    58.34%
    Req/Sec   183.25      9.00   199.00     62.50%
  Latency Distribution (HdrHistogram - Recorded Latency)
 50.000%   45.74s 
 75.000%    1.07m 
 90.000%    1.25m 
 99.000%    1.39m 
 99.900%    1.47m 
 99.990%    1.51m 
 99.999%    1.52m 
100.000%    1.52m 

  Detailed Percentile spectrum:
       Value   Percentile   TotalCount 1/(1-Percentile)

    6189.055     0.000000            1         1.00
   15237.119     0.100000         4072         1.11
   22790.143     0.200000         8150         1.25
   29933.567     0.300000        12211         1.43
   37388.287     0.400000        16294         1.67
   45744.127     0.500000        20355         2.00
   49807.359     0.550000        22382         2.22
   53641.215     0.600000        24433         2.50
   57147.391     0.650000        26463         2.86
   60588.031     0.700000        28504         3.33
   64028.671     0.750000        30529         4.00
   65896.447     0.775000        31558         4.44
   67633.151     0.800000        32571         5.00
   69468.159     0.825000        33597         5.71
   71237.631     0.850000        34595         6.67
   73072.639     0.875000        35622         8.00
   73990.143     0.887500        36148         8.89
   74842.111     0.900000        36640        10.00
   75694.079     0.912500        37161        11.43
   76611.583     0.925000        37667        13.33
   77660.159     0.937500        38184        16.00
   78184.447     0.943750        38417        17.78
   78774.271     0.950000        38684        20.00
   79298.559     0.956250        38933        22.86
   79888.383     0.962500        39190        26.67
   80543.743     0.968750        39435        32.00
   80936.959     0.971875        39558        35.56
   81395.711     0.975000        39678        40.00
   81919.999     0.978125        39815        45.71
   82313.215     0.981250        39938        53.33
   82837.503     0.984375        40077        64.00
   83034.111     0.985938        40127        71.11
   83296.255     0.987500        40202        80.00
   83492.863     0.989062        40253        91.43
   83886.079     0.990625        40324       106.67
   84279.295     0.992188        40375       128.00
   84606.975     0.992969        40406       142.22
   85000.191     0.993750        40440       160.00
   85393.407     0.994531        40474       182.86
   85721.087     0.995313        40505       213.33
   86048.767     0.996094        40534       256.00
   86179.839     0.996484        40550       284.44
   86376.447     0.996875        40567       320.00
   86573.055     0.997266        40585       365.71
   86704.127     0.997656        40597       426.67
   86966.271     0.998047        40616       512.00
   87031.807     0.998242        40621       568.89
   87162.879     0.998437        40629       640.00
   87425.023     0.998633        40638       731.43
   87687.167     0.998828        40645       853.33
   88080.383     0.999023        40653      1024.00
   88342.527     0.999121        40657      1137.78
   88670.207     0.999219        40661      1280.00
   88866.815     0.999316        40665      1462.86
   89128.959     0.999414        40669      1706.67
   89456.639     0.999512        40674      2048.00
   89587.711     0.999561        40676      2275.56
   89718.783     0.999609        40678      2560.00
   89849.855     0.999658        40680      2925.71
   89915.391     0.999707        40681      3413.33
   90046.463     0.999756        40683      4096.00
   90111.999     0.999780        40684      4551.11
   90177.535     0.999805        40685      5120.00
   90308.607     0.999829        40686      5851.43
   90439.679     0.999854        40687      6826.67
   90636.287     0.999878        40688      8192.00
   90636.287     0.999890        40688      9102.22
   90767.359     0.999902        40689     10240.00
   90767.359     0.999915        40689     11702.86
   90898.431     0.999927        40690     13653.33
   90898.431     0.999939        40690     16384.00
   90898.431     0.999945        40690     18204.44
   91029.503     0.999951        40691     20480.00
   91029.503     0.999957        40691     23405.71
   91029.503     0.999963        40691     27306.67
   91029.503     0.999969        40691     32768.00
   91029.503     0.999973        40691     36408.89
   91226.111     0.999976        40692     40960.00
   91226.111     1.000000        40692          inf
#[Mean    =    45303.276, StdDeviation   =    21826.401]
#[Max     =    91160.576, Total count    =        40692]
#[Buckets =           27, SubBuckets     =         2048]
-----------------------------------------------------------------------
  43926 requests in 2.00m, 11.92MB read
  Non-2xx or 3xx responses: 197
Requests/sec:    366.02  
Transfer/sec:    101.68KB
