Running 1m test @ http://nginx-thrift.social-network.svc.cluster.local:8080/wrk2-api/home-timeline/read
  2 threads and 100 connections

  Thread calibration: mean lat.: 310.309ms, rate sampling interval: 832ms
  Thread calibration: mean lat.: 305.899ms, rate sampling interval: 817ms

-----------------------------------------------------------------------
Test Results @ http://nginx-thrift.social-network.svc.cluster.local:8080/wrk2-api/home-timeline/read 
  Thread Stats   Avg      Stdev     99%   +/- Stdev
    Latency     2.67s     4.31s   18.07s    82.56%
    Req/Sec   164.00     15.20   192.00     71.90%
  Latency Distribution (HdrHistogram - Recorded Latency)
 50.000%  283.14ms
 75.000%    4.24s 
 90.000%    9.04s 
 99.000%   18.07s 
 99.900%   24.85s 
 99.990%   25.25s 
 99.999%   25.35s 
100.000%   25.35s 

  Detailed Percentile spectrum:
       Value   Percentile   TotalCount 1/(1-Percentile)

      27.967     0.000000            1         1.00
     236.543     0.100000         1652         1.11
     246.399     0.200000         3311         1.25
     254.719     0.300000         4946         1.43
     264.959     0.400000         6587         1.67
     283.135     0.500000         8228         2.00
     303.615     0.550000         9047         2.22
     335.871     0.600000         9866         2.50
     414.975     0.650000        10687         2.86
    1701.887     0.700000        11509         3.33
    4243.455     0.750000        12331         4.00
    5279.743     0.775000        12743         4.44
    6172.671     0.800000        13155         5.00
    6967.295     0.825000        13564         5.71
    7720.959     0.850000        13975         6.67
    8404.991     0.875000        14389         8.00
    8740.863     0.887500        14594         8.89
    9043.967     0.900000        14798        10.00
    9314.303     0.912500        15003        11.43
    9568.255     0.925000        15214        13.33
    9846.783     0.937500        15422        16.00
    9986.047     0.943750        15520        17.78
   10076.159     0.950000        15629        20.00
   13049.855     0.956250        15723        22.86
   14016.511     0.962500        15826        26.67
   15032.319     0.968750        15929        32.00
   15433.727     0.971875        15980        35.56
   15794.175     0.975000        16030        40.00
   16236.543     0.978125        16082        45.71
   16654.335     0.981250        16133        53.33
   17154.047     0.984375        16185        64.00
   17465.343     0.985938        16210        71.11
   17743.871     0.987500        16237        80.00
   17973.247     0.989062        16262        91.43
   18169.855     0.990625        16287       106.67
   18399.231     0.992188        16316       128.00
   18497.535     0.992969        16326       142.22
   18694.143     0.993750        16339       160.00
   18874.367     0.994531        16352       182.86
   18956.287     0.995313        16365       213.33
   19136.511     0.996094        16378       256.00
   19234.815     0.996484        16384       284.44
   19382.271     0.996875        16390       320.00
   19775.487     0.997266        16397       365.71
   24330.239     0.997656        16403       426.67
   24510.463     0.998047        16410       512.00
   24592.383     0.998242        16413       568.89
   24674.303     0.998437        16417       640.00
   24723.455     0.998633        16420       731.43
   24772.607     0.998828        16422       853.33
   24854.527     0.999023        16425      1024.00
   24920.063     0.999121        16428      1137.78
   24985.599     0.999219        16431      1280.00
   24985.599     0.999316        16431      1462.86
   25051.135     0.999414        16432      1706.67
   25067.519     0.999512        16433      2048.00
   25100.287     0.999561        16434      2275.56
   25133.055     0.999609        16435      2560.00
   25165.823     0.999658        16436      2925.71
   25182.207     0.999707        16437      3413.33
   25182.207     0.999756        16437      4096.00
   25214.975     0.999780        16438      4551.11
   25214.975     0.999805        16438      5120.00
   25247.743     0.999829        16439      5851.43
   25247.743     0.999854        16439      6826.67
   25247.743     0.999878        16439      8192.00
   25296.895     0.999890        16440      9102.22
   25296.895     0.999902        16440     10240.00
   25296.895     0.999915        16440     11702.86
   25296.895     0.999927        16440     13653.33
   25296.895     0.999939        16440     16384.00
   25346.047     0.999945        16441     18204.44
   25346.047     1.000000        16441          inf
#[Mean    =     2667.962, StdDeviation   =     4309.498]
#[Max     =    25329.664, Total count    =        16441]
#[Buckets =           27, SubBuckets     =         2048]
-----------------------------------------------------------------------
  19651 requests in 1.00m, 5.33MB read
  Non-2xx or 3xx responses: 74
Requests/sec:    327.51  
Transfer/sec:     90.97KB
