Running 2m test @ http://nginx-thrift.social-network.svc.cluster.local:8080/wrk2-api/home-timeline/read
  2 threads and 100 connections

  Thread calibration: mean lat.: 325.442ms, rate sampling interval: 966ms
  Thread calibration: mean lat.: 336.441ms, rate sampling interval: 953ms

-----------------------------------------------------------------------
Test Results @ http://nginx-thrift.social-network.svc.cluster.local:8080/wrk2-api/home-timeline/read 
  Thread Stats   Avg      Stdev     99%   +/- Stdev
    Latency     1.59s     2.76s   10.04s    84.79%
    Req/Sec    74.16     17.65   109.00     63.60%
  Latency Distribution (HdrHistogram - Recorded Latency)
 50.000%  276.22ms
 75.000%  516.61ms
 90.000%    6.54s 
 99.000%   10.04s 
 99.900%   15.13s 
 99.990%   16.74s 
 99.999%   17.37s 
100.000%   17.37s 

  Detailed Percentile spectrum:
       Value   Percentile   TotalCount 1/(1-Percentile)

      30.639     0.000000            1         1.00
     235.263     0.100000         1651         1.11
     244.991     0.200000         3286         1.25
     253.311     0.300000         4918         1.43
     262.399     0.400000         6588         1.67
     276.223     0.500000         8196         2.00
     290.559     0.550000         9017         2.22
     314.367     0.600000         9832         2.50
     353.023     0.650000        10649         2.86
     423.679     0.700000        11467         3.33
     516.607     0.750000        12289         4.00
    1061.887     0.775000        12695         4.44
    2201.599     0.800000        13105         5.00
    3313.663     0.825000        13515         5.71
    4427.775     0.850000        13925         6.67
    5492.735     0.875000        14333         8.00
    6004.735     0.887500        14538         8.89
    6541.311     0.900000        14742        10.00
    7057.407     0.912500        14948        11.43
    7544.831     0.925000        15154        13.33
    8077.311     0.937500        15357        16.00
    8364.031     0.943750        15462        17.78
    8658.943     0.950000        15565        20.00
    8830.975     0.956250        15667        22.86
    9142.271     0.962500        15769        26.67
    9314.303     0.968750        15869        32.00
    9560.063     0.971875        15924        35.56
    9617.407     0.975000        15977        40.00
    9732.095     0.978125        16025        45.71
    9830.399     0.981250        16073        53.33
   10035.199     0.984375        16155        64.00
   10035.199     0.985938        16155        71.11
   10043.391     0.987500        16224        80.00
   10043.391     0.989062        16224        91.43
   10051.583     0.990625        16258       106.67
   10051.583     0.992188        16258       128.00
   10190.847     0.992969        16265       142.22
   10649.599     0.993750        16278       160.00
   11132.927     0.994531        16291       182.86
   11575.295     0.995313        16304       213.33
   12206.079     0.996094        16317       256.00
   12468.223     0.996484        16323       284.44
   12779.519     0.996875        16329       320.00
   13205.503     0.997266        16336       365.71
   13475.839     0.997656        16342       426.67
   13901.823     0.998047        16349       512.00
   14114.815     0.998242        16352       568.89
   14295.039     0.998437        16355       640.00
   14630.911     0.998633        16358       731.43
   14745.599     0.998828        16361       853.33
   15171.583     0.999023        16365      1024.00
   15400.959     0.999121        16366      1137.78
   15572.991     0.999219        16368      1280.00
   15605.759     0.999316        16369      1462.86
   16007.167     0.999414        16371      1706.67
   16293.887     0.999512        16373      2048.00
   16293.887     0.999561        16373      2275.56
   16433.151     0.999609        16374      2560.00
   16539.647     0.999658        16375      2925.71
   16719.871     0.999707        16376      3413.33
   16736.255     0.999756        16378      4096.00
   16736.255     0.999780        16378      4551.11
   16736.255     0.999805        16378      5120.00
   16736.255     0.999829        16378      5851.43
   16736.255     0.999854        16378      6826.67
   17137.663     0.999878        16379      8192.00
   17137.663     0.999890        16379      9102.22
   17137.663     0.999902        16379     10240.00
   17137.663     0.999915        16379     11702.86
   17137.663     0.999927        16379     13653.33
   17367.039     0.999939        16380     16384.00
   17367.039     1.000000        16380          inf
#[Mean    =     1585.757, StdDeviation   =     2763.840]
#[Max     =    17350.656, Total count    =        16380]
#[Buckets =           27, SubBuckets     =         2048]
-----------------------------------------------------------------------
  17675 requests in 2.00m, 4.81MB read
  Non-2xx or 3xx responses: 195
Requests/sec:    147.23  
Transfer/sec:     41.02KB
