Running 1m test @ http://nginx-thrift.social-network.svc.cluster.local:8080/wrk2-api/home-timeline/read
  2 threads and 100 connections

  Thread calibration: mean lat.: 262.356ms, rate sampling interval: 588ms
  Thread calibration: mean lat.: 262.838ms, rate sampling interval: 582ms

-----------------------------------------------------------------------
Test Results @ http://nginx-thrift.social-network.svc.cluster.local:8080/wrk2-api/home-timeline/read 
  Thread Stats   Avg      Stdev     99%   +/- Stdev
    Latency     1.41s     3.22s   16.02s    88.69%
    Req/Sec   121.30     30.98   168.00     55.88%
  Latency Distribution (HdrHistogram - Recorded Latency)
 50.000%  257.54ms
 75.000%  282.88ms
 90.000%    5.67s 
 99.000%   16.02s 
 99.900%   27.98s 
 99.990%   30.05s 
 99.999%   30.08s 
100.000%   30.08s 

  Detailed Percentile spectrum:
       Value   Percentile   TotalCount 1/(1-Percentile)

     196.479     0.000000            1         1.00
     233.215     0.100000         1215         1.11
     240.767     0.200000         2437         1.25
     246.655     0.300000         3657         1.43
     251.903     0.400000         4863         1.67
     257.535     0.500000         6075         2.00
     260.735     0.550000         6685         2.22
     264.447     0.600000         7328         2.50
     268.287     0.650000         7920         2.86
     273.663     0.700000         8516         3.33
     282.879     0.750000         9113         4.00
     291.583     0.775000         9419         4.44
     315.135     0.800000         9721         5.00
     476.415     0.825000        10025         5.71
    1849.343     0.850000        10328         6.67
    3737.599     0.875000        10631         8.00
    4714.495     0.887500        10783         8.89
    5681.151     0.900000        10935        10.00
    6553.599     0.912500        11086        11.43
    7319.551     0.925000        11238        13.33
    8065.023     0.937500        11391        16.00
    8429.567     0.943750        11471        17.78
    8798.207     0.950000        11543        20.00
    9166.847     0.956250        11618        22.86
    9543.679     0.962500        11695        26.67
    9854.975     0.968750        11773        32.00
   10018.815     0.971875        11808        35.56
   10051.583     0.975000        11849        40.00
   10862.591     0.978125        11884        45.71
   12107.775     0.981250        11922        53.33
   13533.183     0.984375        11960        64.00
   14196.735     0.985938        11979        71.11
   14925.823     0.987500        11998        80.00
   15613.951     0.989062        12017        91.43
   16351.231     0.990625        12037       106.67
   17055.743     0.992188        12055       128.00
   17399.807     0.992969        12064       142.22
   17760.255     0.993750        12074       160.00
   18022.399     0.994531        12083       182.86
   18399.231     0.995313        12093       213.33
   18759.679     0.996094        12102       256.00
   18972.671     0.996484        12107       284.44
   19136.511     0.996875        12112       320.00
   19267.583     0.997266        12116       365.71
   19431.423     0.997656        12121       426.67
   20447.231     0.998047        12126       512.00
   26345.471     0.998242        12128       568.89
   26902.527     0.998437        12131       640.00
   27230.207     0.998633        12133       731.43
   27590.655     0.998828        12135       853.33
   28196.863     0.999023        12138      1024.00
   28360.703     0.999121        12139      1137.78
   28540.927     0.999219        12140      1280.00
   28737.535     0.999316        12141      1462.86
   28884.991     0.999414        12142      1706.67
   29294.591     0.999512        12144      2048.00
   29294.591     0.999561        12144      2275.56
   29474.815     0.999609        12145      2560.00
   29474.815     0.999658        12145      2925.71
   29671.423     0.999707        12146      3413.33
   29884.415     0.999756        12147      4096.00
   29884.415     0.999780        12147      4551.11
   29884.415     0.999805        12147      5120.00
   29884.415     0.999829        12147      5851.43
   30048.255     0.999854        12148      6826.67
   30048.255     0.999878        12148      8192.00
   30048.255     0.999890        12148      9102.22
   30048.255     0.999902        12148     10240.00
   30048.255     0.999915        12148     11702.86
   30081.023     0.999927        12149     13653.33
   30081.023     1.000000        12149          inf
#[Mean    =     1414.468, StdDeviation   =     3219.882]
#[Max     =    30064.640, Total count    =        12149]
#[Buckets =           27, SubBuckets     =         2048]
-----------------------------------------------------------------------
  14297 requests in 1.00m, 3.88MB read
  Non-2xx or 3xx responses: 48
Requests/sec:    238.06  
Transfer/sec:     66.13KB
