Running 2m test @ http://nginx-thrift.social-network.svc.cluster.local:8080/wrk2-api/home-timeline/read
  2 threads and 100 connections

  Thread calibration: mean lat.: 1219.466ms, rate sampling interval: 4182ms
  Thread calibration: mean lat.: 1235.316ms, rate sampling interval: 4202ms

-----------------------------------------------------------------------
Test Results @ http://nginx-thrift.social-network.svc.cluster.local:8080/wrk2-api/home-timeline/read 
  Thread Stats   Avg      Stdev     99%   +/- Stdev
    Latency    12.13s     9.63s   42.83s    78.92%
    Req/Sec   183.56     11.72   202.00     69.23%
  Latency Distribution (HdrHistogram - Recorded Latency)
 50.000%   10.72s 
 75.000%   16.38s 
 90.000%   25.87s 
 99.000%   42.83s 
 99.900%   45.45s 
 99.990%   45.71s 
 99.999%   45.74s 
100.000%   45.74s 

  Detailed Percentile spectrum:
       Value   Percentile   TotalCount 1/(1-Percentile)

    1264.639     0.000000            1         1.00
    2985.983     0.100000         4052         1.11
    3663.871     0.200000         8112         1.25
    4325.375     0.300000        12157         1.43
    5529.599     0.400000        16211         1.67
   10723.327     0.500000        20255         2.00
   13189.119     0.550000        22286         2.22
   14082.047     0.600000        24328         2.50
   14794.751     0.650000        26347         2.86
   15556.607     0.700000        28367         3.33
   16383.999     0.750000        30386         4.00
   16842.751     0.775000        31423         4.44
   17350.655     0.800000        32419         5.00
   18710.527     0.825000        33424         5.71
   23756.799     0.850000        34434         6.67
   25198.591     0.875000        35457         8.00
   25542.655     0.887500        35963         8.89
   25870.335     0.900000        36467        10.00
   26198.015     0.912500        36991        11.43
   26558.463     0.925000        37473        13.33
   27508.735     0.937500        37980        16.00
   33095.679     0.943750        38233        17.78
   34045.951     0.950000        38487        20.00
   34668.543     0.956250        38743        22.86
   35192.831     0.962500        38999        26.67
   35717.119     0.968750        39245        32.00
   35913.727     0.971875        39373        35.56
   36110.335     0.975000        39527        40.00
   36405.247     0.978125        39637        45.71
   36601.855     0.981250        39757        53.33
   36962.303     0.984375        39881        64.00
   37355.519     0.985938        39941        71.11
   40501.247     0.987500        40009        80.00
   41451.519     0.989062        40068        91.43
   43220.991     0.990625        40134       106.67
   43679.743     0.992188        40200       128.00
   43810.815     0.992969        40229       142.22
   44105.727     0.993750        40269       160.00
   44171.263     0.994531        40298       182.86
   44236.799     0.995313        40330       213.33
   44302.335     0.996094        40364       256.00
   44335.103     0.996484        40373       284.44
   44761.087     0.996875        40393       320.00
   44793.855     0.997266        40405       365.71
   44859.391     0.997656        40420       426.67
   44924.927     0.998047        40431       512.00
   45318.143     0.998242        40438       568.89
   45350.911     0.998437        40450       640.00
   45383.679     0.998633        40458       731.43
   45416.447     0.998828        40462       853.33
   45449.215     0.999023        40471      1024.00
   45514.751     0.999121        40479      1137.78
   45514.751     0.999219        40479      1280.00
   45547.519     0.999316        40483      1462.86
   45580.287     0.999414        40492      1706.67
   45580.287     0.999512        40492      2048.00
   45580.287     0.999561        40492      2275.56
   45613.055     0.999609        40500      2560.00
   45613.055     0.999658        40500      2925.71
   45613.055     0.999707        40500      3413.33
   45613.055     0.999756        40500      4096.00
   45645.823     0.999780        40501      4551.11
   45678.591     0.999805        40503      5120.00
   45678.591     0.999829        40503      5851.43
   45711.359     0.999854        40507      6826.67
   45711.359     0.999878        40507      8192.00
   45711.359     0.999890        40507      9102.22
   45711.359     0.999902        40507     10240.00
   45711.359     0.999915        40507     11702.86
   45711.359     0.999927        40507     13653.33
   45711.359     0.999939        40507     16384.00
   45711.359     0.999945        40507     18204.44
   45744.127     0.999951        40509     20480.00
   45744.127     1.000000        40509          inf
#[Mean    =    12127.218, StdDeviation   =     9625.963]
#[Max     =    45711.360, Total count    =        40509]
#[Buckets =           27, SubBuckets     =         2048]
-----------------------------------------------------------------------
  43735 requests in 2.00m, 11.87MB read
  Non-2xx or 3xx responses: 215
Requests/sec:    364.45  
Transfer/sec:    101.25KB
