Running 2m test @ http://nginx-thrift.social-network.svc.cluster.local:8080/wrk2-api/home-timeline/read
  2 threads and 100 connections

  Thread calibration: mean lat.: 4306.392ms, rate sampling interval: 15589ms
  Thread calibration: mean lat.: 4274.507ms, rate sampling interval: 15523ms

-----------------------------------------------------------------------
Test Results @ http://nginx-thrift.social-network.svc.cluster.local:8080/wrk2-api/home-timeline/read 
  Thread Stats   Avg      Stdev     99%   +/- Stdev
    Latency     0.88m    24.96s    1.61m    59.08%
    Req/Sec   195.14      8.59   211.00     71.43%
  Latency Distribution (HdrHistogram - Recorded Latency)
 50.000%    0.89m 
 75.000%    1.23m 
 90.000%    1.45m 
 99.000%    1.61m 
 99.900%    1.66m 
 99.990%    1.69m 
 99.999%    1.70m 
100.000%    1.70m 

  Detailed Percentile spectrum:
       Value   Percentile   TotalCount 1/(1-Percentile)

    8298.495     0.000000            1         1.00
   17776.639     0.100000         4300         1.11
   27410.431     0.200000         8600         1.25
   36110.335     0.300000        12914         1.43
   44564.479     0.400000        17209         1.67
   53182.463     0.500000        21501         2.00
   57475.071     0.550000        23657         2.22
   61472.767     0.600000        25799         2.50
   65535.999     0.650000        27960         2.86
   69664.767     0.700000        30119         3.33
   73924.607     0.750000        32268         4.00
   76021.759     0.775000        33349         4.44
   78118.911     0.800000        34401         5.00
   80347.135     0.825000        35475         5.71
   82575.359     0.850000        36571         6.67
   84803.583     0.875000        37645         8.00
   85917.695     0.887500        38180         8.89
   87097.343     0.900000        38726        10.00
   88276.991     0.912500        39255        11.43
   89456.639     0.925000        39798        13.33
   90636.287     0.937500        40337        16.00
   91160.575     0.943750        40587        17.78
   91750.399     0.950000        40865        20.00
   92340.223     0.956250        41124        22.86
   92930.047     0.962500        41399        26.67
   93519.871     0.968750        41657        32.00
   93913.087     0.971875        41795        35.56
   94306.303     0.975000        41920        40.00
   94765.055     0.978125        42063        45.71
   95158.271     0.981250        42195        53.33
   95617.023     0.984375        42331        64.00
   95879.167     0.985938        42401        71.11
   96206.847     0.987500        42460        80.00
   96600.063     0.989062        42530        91.43
   96927.743     0.990625        42593       106.67
   97255.423     0.992188        42660       128.00
   97452.031     0.992969        42696       142.22
   97648.639     0.993750        42736       160.00
   97845.247     0.994531        42769       182.86
   98107.391     0.995313        42797       213.33
   98500.607     0.996094        42830       256.00
   98697.215     0.996484        42845       284.44
   98893.823     0.996875        42864       320.00
   99090.431     0.997266        42882       365.71
   99221.503     0.997656        42896       426.67
   99418.111     0.998047        42914       512.00
   99549.183     0.998242        42929       568.89
   99549.183     0.998437        42929       640.00
   99680.255     0.998633        42937       731.43
   99811.327     0.998828        42945       853.33
   99876.863     0.999023        42953      1024.00
   99942.399     0.999121        42958      1137.78
  100007.935     0.999219        42961      1280.00
  100073.471     0.999316        42967      1462.86
  100139.007     0.999414        42971      1706.67
  100204.543     0.999512        42977      2048.00
  100204.543     0.999561        42977      2275.56
  100204.543     0.999609        42977      2560.00
  100270.079     0.999658        42979      2925.71
  100335.615     0.999707        42981      3413.33
  100401.151     0.999756        42983      4096.00
  100466.687     0.999780        42984      4551.11
  100532.223     0.999805        42985      5120.00
  100663.295     0.999829        42986      5851.43
  100859.903     0.999854        42987      6826.67
  101056.511     0.999878        42988      8192.00
  101187.583     0.999890        42989      9102.22
  101187.583     0.999902        42989     10240.00
  101318.655     0.999915        42990     11702.86
  101318.655     0.999927        42990     13653.33
  101515.263     0.999939        42991     16384.00
  101515.263     0.999945        42991     18204.44
  101515.263     0.999951        42991     20480.00
  101646.335     0.999957        42992     23405.71
  101646.335     0.999963        42992     27306.67
  101646.335     0.999969        42992     32768.00
  101646.335     0.999973        42992     36408.89
  101646.335     0.999976        42992     40960.00
  101842.943     0.999979        42993     46811.43
  101842.943     1.000000        42993          inf
#[Mean    =    52796.881, StdDeviation   =    24957.822]
#[Max     =   101777.408, Total count    =        42993]
#[Buckets =           27, SubBuckets     =         2048]
-----------------------------------------------------------------------
  45793 requests in 2.00m, 12.42MB read
  Non-2xx or 3xx responses: 216
Requests/sec:    381.55  
Transfer/sec:    105.98KB
