Running 1m test @ http://nginx-thrift.social-network.svc.cluster.local:8080/wrk2-api/home-timeline/read
  2 threads and 100 connections

  Thread calibration: mean lat.: 318.914ms, rate sampling interval: 879ms
  Thread calibration: mean lat.: 313.693ms, rate sampling interval: 879ms

-----------------------------------------------------------------------
Test Results @ http://nginx-thrift.social-network.svc.cluster.local:8080/wrk2-api/home-timeline/read 
  Thread Stats   Avg      Stdev     99%   +/- Stdev
    Latency     2.51s     3.80s   14.97s    80.09%
    Req/Sec   141.02     15.36   164.00     68.75%
  Latency Distribution (HdrHistogram - Recorded Latency)
 50.000%  270.59ms
 75.000%    4.50s 
 90.000%    8.85s 
 99.000%   14.97s 
 99.900%   18.68s 
 99.990%   19.71s 
 99.999%   19.78s 
100.000%   19.78s 

  Detailed Percentile spectrum:
       Value   Percentile   TotalCount 1/(1-Percentile)

      29.007     0.000000            1         1.00
     235.135     0.100000         1421         1.11
     244.223     0.200000         2841         1.25
     251.775     0.300000         4240         1.43
     259.711     0.400000         5662         1.67
     270.591     0.500000         7068         2.00
     281.599     0.550000         7774         2.22
     311.295     0.600000         8478         2.50
     409.343     0.650000         9185         2.86
    1964.031     0.700000         9891         3.33
    4497.407     0.750000        10599         4.00
    5451.775     0.775000        10951         4.44
    6283.263     0.800000        11304         5.00
    7024.639     0.825000        11659         5.71
    7696.383     0.850000        12012         6.67
    8269.823     0.875000        12367         8.00
    8544.255     0.887500        12543         8.89
    8847.359     0.900000        12719        10.00
    9109.503     0.912500        12901        11.43
    9388.031     0.925000        13074        13.33
    9650.175     0.937500        13250        16.00
    9781.247     0.943750        13340        17.78
    9912.319     0.950000        13426        20.00
   10035.199     0.956250        13514        22.86
   10174.463     0.962500        13601        26.67
   11026.431     0.968750        13689        32.00
   11534.335     0.971875        13733        35.56
   12034.047     0.975000        13777        40.00
   12574.719     0.978125        13821        45.71
   13107.199     0.981250        13866        53.33
   13664.255     0.984375        13910        64.00
   13975.551     0.985938        13932        71.11
   14295.039     0.987500        13954        80.00
   14729.215     0.989062        13976        91.43
   15130.623     0.990625        13998       106.67
   15663.103     0.992188        14020       128.00
   15998.975     0.992969        14031       142.22
   16277.503     0.993750        14042       160.00
   16564.223     0.994531        14053       182.86
   16826.367     0.995313        14068       213.33
   17039.359     0.996094        14075       256.00
   17186.815     0.996484        14082       284.44
   17317.887     0.996875        14086       320.00
   17498.111     0.997266        14092       365.71
   17711.103     0.997656        14098       426.67
   18055.167     0.998047        14104       512.00
   18186.239     0.998242        14106       568.89
   18219.007     0.998437        14108       640.00
   18431.999     0.998633        14111       731.43
   18546.687     0.998828        14114       853.33
   18759.679     0.999023        14117      1024.00
   18825.215     0.999121        14118      1137.78
   18857.983     0.999219        14119      1280.00
   18989.055     0.999316        14121      1462.86
   19038.207     0.999414        14122      1706.67
   19218.431     0.999512        14124      2048.00
   19218.431     0.999561        14124      2275.56
   19333.119     0.999609        14125      2560.00
   19447.807     0.999658        14126      2925.71
   19447.807     0.999707        14126      3413.33
   19595.263     0.999756        14127      4096.00
   19595.263     0.999780        14127      4551.11
   19693.567     0.999805        14128      5120.00
   19693.567     0.999829        14128      5851.43
   19693.567     0.999854        14128      6826.67
   19709.951     0.999878        14129      8192.00
   19709.951     0.999890        14129      9102.22
   19709.951     0.999902        14129     10240.00
   19709.951     0.999915        14129     11702.86
   19709.951     0.999927        14129     13653.33
   19775.487     0.999939        14130     16384.00
   19775.487     1.000000        14130          inf
#[Mean    =     2510.221, StdDeviation   =     3801.832]
#[Max     =    19759.104, Total count    =        14130]
#[Buckets =           27, SubBuckets     =         2048]
-----------------------------------------------------------------------
  16847 requests in 1.00m, 4.57MB read
  Non-2xx or 3xx responses: 96
Requests/sec:    280.73  
Transfer/sec:     78.03KB
