Running 1m test @ http://nginx-thrift.social-network.svc.cluster.local:8080/wrk2-api/home-timeline/read
  2 threads and 100 connections

  Thread calibration: mean lat.: 305.147ms, rate sampling interval: 838ms
  Thread calibration: mean lat.: 330.494ms, rate sampling interval: 876ms

-----------------------------------------------------------------------
Test Results @ http://nginx-thrift.social-network.svc.cluster.local:8080/wrk2-api/home-timeline/read 
  Thread Stats   Avg      Stdev     99%   +/- Stdev
    Latency     1.25s     2.41s   10.04s    87.09%
    Req/Sec    50.28     13.22    73.00     81.03%
  Latency Distribution (HdrHistogram - Recorded Latency)
 50.000%  261.12ms
 75.000%  414.46ms
 90.000%    5.30s 
 99.000%   10.04s 
 99.900%   12.02s 
 99.990%   15.20s 
 99.999%   15.98s 
100.000%   15.98s 

  Detailed Percentile spectrum:
       Value   Percentile   TotalCount 1/(1-Percentile)

      33.215     0.000000            1         1.00
     233.855     0.100000          509         1.11
     242.175     0.200000         1013         1.25
     248.575     0.300000         1523         1.43
     254.207     0.400000         2025         1.67
     261.119     0.500000         2529         2.00
     265.471     0.550000         2777         2.22
     271.103     0.600000         3040         2.50
     280.575     0.650000         3279         2.86
     309.503     0.700000         3533         3.33
     414.463     0.750000         3783         4.00
     465.919     0.775000         3910         4.44
     494.079     0.800000         4037         5.00
     868.863     0.825000         4162         5.71
    2338.815     0.850000         4288         6.67
    3778.559     0.875000         4414         8.00
    4534.271     0.887500         4477         8.89
    5304.319     0.900000         4542        10.00
    5701.631     0.912500         4603        11.43
    6385.663     0.925000         4666        13.33
    7069.695     0.937500         4729        16.00
    7667.711     0.943750         4761        17.78
    7827.455     0.950000         4793        20.00
    8437.759     0.956250         4825        22.86
    8560.639     0.962500         4855        26.67
    8691.711     0.968750         4889        32.00
    9240.575     0.971875         4906        35.56
    9265.151     0.975000         4919        40.00
    9388.031     0.978125         4934        45.71
    9420.799     0.981250         4953        53.33
   10027.007     0.984375         4968        64.00
   10035.199     0.985938         4995        71.11
   10035.199     0.987500         4995        80.00
   10035.199     0.989062         4995        91.43
   10043.391     0.990625         5022       106.67
   10043.391     0.992188         5022       128.00
   10043.391     0.992969         5022       142.22
   10043.391     0.993750         5022       160.00
   10043.391     0.994531         5022       182.86
   10043.391     0.995313         5022       213.33
   10051.583     0.996094         5034       256.00
   10051.583     0.996484         5034       284.44
   10051.583     0.996875         5034       320.00
   10051.583     0.997266         5034       365.71
   10051.583     0.997656         5034       426.67
   10059.775     0.998047         5035       512.00
   10182.655     0.998242         5036       568.89
   10428.415     0.998437         5037       640.00
   11206.655     0.998633         5038       731.43
   12017.663     0.998828         5039       853.33
   12836.863     0.999023         5040      1024.00
   12836.863     0.999121         5040      1137.78
   13598.719     0.999219         5041      1280.00
   13598.719     0.999316         5041      1462.86
   14409.727     0.999414         5042      1706.67
   14409.727     0.999512         5042      2048.00
   14409.727     0.999561         5042      2275.56
   15204.351     0.999609         5043      2560.00
   15204.351     0.999658         5043      2925.71
   15204.351     0.999707         5043      3413.33
   15204.351     0.999756         5043      4096.00
   15204.351     0.999780         5043      4551.11
   15982.591     0.999805         5044      5120.00
   15982.591     1.000000         5044          inf
#[Mean    =     1249.019, StdDeviation   =     2412.127]
#[Max     =    15974.400, Total count    =         5044]
#[Buckets =           27, SubBuckets     =         2048]
-----------------------------------------------------------------------
  5855 requests in 1.00m, 1.60MB read
  Non-2xx or 3xx responses: 93
Requests/sec:     97.50  
Transfer/sec:     27.20KB
