Running 1m test @ http://nginx-thrift.social-network.svc.cluster.local:8080/wrk2-api/home-timeline/read
  2 threads and 100 connections

  Thread calibration: mean lat.: 1037.106ms, rate sampling interval: 3676ms
  Thread calibration: mean lat.: 1055.681ms, rate sampling interval: 3801ms

-----------------------------------------------------------------------
Test Results @ http://nginx-thrift.social-network.svc.cluster.local:8080/wrk2-api/home-timeline/read 
  Thread Stats   Avg      Stdev     99%   +/- Stdev
    Latency     5.23s     4.65s   22.18s    79.84%
    Req/Sec   191.65     14.14   227.00     73.08%
  Latency Distribution (HdrHistogram - Recorded Latency)
 50.000%    3.29s 
 75.000%    4.15s 
 90.000%   12.92s 
 99.000%   22.18s 
 99.900%   23.46s 
 99.990%   24.22s 
 99.999%   24.26s 
100.000%   24.26s 

  Detailed Percentile spectrum:
       Value   Percentile   TotalCount 1/(1-Percentile)

     963.071     0.000000            1         1.00
    2220.031     0.100000         1918         1.11
    2514.943     0.200000         3841         1.25
    2838.527     0.300000         5760         1.43
    3071.999     0.400000         7682         1.67
    3291.135     0.500000         9601         2.00
    3379.199     0.550000        10563         2.22
    3500.031     0.600000        11523         2.50
    3653.631     0.650000        12468         2.86
    3827.711     0.700000        13433         3.33
    4149.247     0.750000        14385         4.00
    4427.775     0.775000        14864         4.44
   10461.183     0.800000        15344         5.00
   11911.167     0.825000        15838         5.71
   12238.847     0.850000        16318         6.67
   12574.719     0.875000        16782         8.00
   12738.559     0.887500        17028         8.89
   12918.783     0.900000        17284        10.00
   13066.239     0.912500        17507        11.43
   13230.079     0.925000        17748        13.33
   13475.839     0.937500        17992        16.00
   13582.335     0.943750        18101        17.78
   13713.407     0.950000        18223        20.00
   13836.287     0.956250        18346        22.86
   13959.167     0.962500        18461        26.67
   14286.847     0.968750        18581        32.00
   14450.687     0.971875        18640        35.56
   20692.991     0.975000        18700        40.00
   21037.055     0.978125        18761        45.71
   21463.039     0.981250        18821        53.33
   21725.183     0.984375        18880        64.00
   21823.487     0.985938        18910        71.11
   21987.327     0.987500        18941        80.00
   22069.247     0.989062        18972        91.43
   22265.855     0.990625        19003       106.67
   22429.695     0.992188        19030       128.00
   22806.527     0.992969        19047       142.22
   22855.679     0.993750        19067       160.00
   22872.063     0.994531        19076       182.86
   22921.215     0.995313        19092       213.33
   23003.135     0.996094        19105       256.00
   23052.287     0.996484        19114       284.44
   23101.439     0.996875        19120       320.00
   23216.127     0.997266        19127       365.71
   23314.431     0.997656        19135       426.67
   23347.199     0.998047        19144       512.00
   23363.583     0.998242        19146       568.89
   23396.351     0.998437        19150       640.00
   23429.119     0.998633        19156       731.43
   23445.503     0.998828        19157       853.33
   23461.887     0.999023        19161      1024.00
   23478.271     0.999121        19166      1137.78
   23478.271     0.999219        19166      1280.00
   23478.271     0.999316        19166      1462.86
   23494.655     0.999414        19170      1706.67
   23494.655     0.999512        19170      2048.00
   23511.039     0.999561        19171      2275.56
   23543.807     0.999609        19172      2560.00
   23576.575     0.999658        19173      2925.71
   23592.959     0.999707        19174      3413.33
   23609.343     0.999756        19175      4096.00
   23609.343     0.999780        19175      4551.11
   24199.167     0.999805        19176      5120.00
   24199.167     0.999829        19176      5851.43
   24215.551     0.999854        19177      6826.67
   24215.551     0.999878        19177      8192.00
   24215.551     0.999890        19177      9102.22
   24231.935     0.999902        19178     10240.00
   24231.935     0.999915        19178     11702.86
   24231.935     0.999927        19178     13653.33
   24231.935     0.999939        19178     16384.00
   24231.935     0.999945        19178     18204.44
   24264.703     0.999951        19179     20480.00
   24264.703     1.000000        19179          inf
#[Mean    =     5233.048, StdDeviation   =     4653.769]
#[Max     =    24248.320, Total count    =        19179]
#[Buckets =           27, SubBuckets     =         2048]
-----------------------------------------------------------------------
  22619 requests in 1.00m, 6.13MB read
  Non-2xx or 3xx responses: 122
Requests/sec:    376.96  
Transfer/sec:    104.70KB
