Running 1m test @ http://nginx-thrift.social-network.svc.cluster.local:8080/wrk2-api/home-timeline/read
  2 threads and 100 connections

  Thread calibration: mean lat.: 4099.080ms, rate sampling interval: 14467ms
  Thread calibration: mean lat.: 3783.718ms, rate sampling interval: 13025ms

-----------------------------------------------------------------------
Test Results @ http://nginx-thrift.social-network.svc.cluster.local:8080/wrk2-api/home-timeline/read 
  Thread Stats   Avg      Stdev     99%   +/- Stdev
    Latency    27.50s    11.60s   47.94s    58.09%
    Req/Sec   185.50      9.43   195.00     83.33%
  Latency Distribution (HdrHistogram - Recorded Latency)
 50.000%   27.41s 
 75.000%   37.45s 
 90.000%   43.48s 
 99.000%   47.94s 
 99.900%    0.85m 
 99.990%    0.88m 
 99.999%    0.89m 
100.000%    0.89m 

  Detailed Percentile spectrum:
       Value   Percentile   TotalCount 1/(1-Percentile)

    7184.383     0.000000            1         1.00
   11468.799     0.100000         1878         1.11
   15499.263     0.200000         3755         1.25
   19480.575     0.300000         5636         1.43
   23396.351     0.400000         7510         1.67
   27410.431     0.500000         9390         2.00
   29376.511     0.550000        10329         2.22
   31522.815     0.600000        11269         2.50
   33619.967     0.650000        12216         2.86
   35586.047     0.700000        13156         3.33
   37453.823     0.750000        14082         4.00
   38502.399     0.775000        14562         4.44
   39583.743     0.800000        15037         5.00
   40566.783     0.825000        15496         5.71
   41582.591     0.850000        15964         6.67
   42532.863     0.875000        16438         8.00
   42991.615     0.887500        16666         8.89
   43483.135     0.900000        16909        10.00
   43909.119     0.912500        17132        11.43
   44400.639     0.925000        17383        13.33
   44826.623     0.937500        17607        16.00
   45055.999     0.943750        17727        17.78
   45285.375     0.950000        17837        20.00
   45580.287     0.956250        17961        22.86
   45875.199     0.962500        18073        26.67
   46235.647     0.968750        18189        32.00
   46465.023     0.971875        18247        35.56
   46727.167     0.975000        18312        40.00
   46923.775     0.978125        18366        45.71
   47153.151     0.981250        18422        53.33
   47415.295     0.984375        18491        64.00
   47513.599     0.985938        18513        71.11
   47677.439     0.987500        18542        80.00
   47841.279     0.989062        18574        91.43
   48037.887     0.990625        18603       106.67
   48234.495     0.992188        18631       128.00
   48365.567     0.992969        18645       142.22
   48562.175     0.993750        18660       160.00
   48824.319     0.994531        18672       182.86
   49086.463     0.995313        18686       213.33
   49381.375     0.996094        18701       256.00
   49545.215     0.996484        18709       284.44
   49676.287     0.996875        18716       320.00
   49840.127     0.997266        18725       365.71
   49971.199     0.997656        18730       426.67
   50266.111     0.998047        18738       512.00
   50397.183     0.998242        18741       568.89
   50561.023     0.998437        18745       640.00
   50724.863     0.998633        18749       731.43
   50921.471     0.998828        18752       853.33
   51281.919     0.999023        18756      1024.00
   51445.759     0.999121        18758      1137.78
   51609.599     0.999219        18760      1280.00
   51773.439     0.999316        18762      1462.86
   51904.511     0.999414        18763      1706.67
   52068.351     0.999512        18765      2048.00
   52101.119     0.999561        18766      2275.56
   52232.191     0.999609        18768      2560.00
   52232.191     0.999658        18768      2925.71
   52396.031     0.999707        18769      3413.33
   52559.871     0.999756        18770      4096.00
   52559.871     0.999780        18770      4551.11
   52690.943     0.999805        18771      5120.00
   52690.943     0.999829        18771      5851.43
   52854.783     0.999854        18772      6826.67
   52854.783     0.999878        18772      8192.00
   52854.783     0.999890        18772      9102.22
   53018.623     0.999902        18773     10240.00
   53018.623     0.999915        18773     11702.86
   53018.623     0.999927        18773     13653.33
   53018.623     0.999939        18773     16384.00
   53018.623     0.999945        18773     18204.44
   53182.463     0.999951        18774     20480.00
   53182.463     1.000000        18774          inf
#[Mean    =    27498.773, StdDeviation   =    11597.746]
#[Max     =    53149.696, Total count    =        18774]
#[Buckets =           27, SubBuckets     =         2048]
-----------------------------------------------------------------------
  21819 requests in 1.00m, 5.92MB read
  Non-2xx or 3xx responses: 215
Requests/sec:    363.50  
Transfer/sec:    101.01KB
