Running 2m test @ http://nginx-thrift.social-network.svc.cluster.local:8080/wrk2-api/home-timeline/read
  2 threads and 100 connections

  Thread calibration: mean lat.: 3705.013ms, rate sampling interval: 13385ms
  Thread calibration: mean lat.: 3780.981ms, rate sampling interval: 13524ms

-----------------------------------------------------------------------
Test Results @ http://nginx-thrift.social-network.svc.cluster.local:8080/wrk2-api/home-timeline/read 
  Thread Stats   Avg      Stdev     99%   +/- Stdev
    Latency    49.29s    23.55s    1.51m    58.53%
    Req/Sec   183.50     10.57   204.00     87.50%
  Latency Distribution (HdrHistogram - Recorded Latency)
 50.000%   49.55s 
 75.000%    1.15m 
 90.000%    1.36m 
 99.000%    1.51m 
 99.900%    1.60m 
 99.990%    1.65m 
 99.999%    1.67m 
100.000%    1.67m 

  Detailed Percentile spectrum:
       Value   Percentile   TotalCount 1/(1-Percentile)

    7254.015     0.000000            2         1.00
   17072.127     0.100000         4042         1.11
   25018.367     0.200000         8091         1.25
   32751.615     0.300000        12128         1.43
   41058.303     0.400000        16170         1.67
   49545.215     0.500000        20219         2.00
   53772.287     0.550000        22235         2.22
   57966.591     0.600000        24266         2.50
   61669.375     0.650000        26270         2.86
   65437.695     0.700000        28299         3.33
   69206.015     0.750000        30334         4.00
   71237.631     0.775000        31337         4.44
   73334.783     0.800000        32355         5.00
   75563.007     0.825000        33349         5.71
   77725.695     0.850000        34370         6.67
   79822.847     0.875000        35387         8.00
   80805.887     0.887500        35897         8.89
   81723.391     0.900000        36400        10.00
   82706.431     0.912500        36893        11.43
   83623.935     0.925000        37390        13.33
   84541.439     0.937500        37891        16.00
   85131.263     0.943750        38166        17.78
   85721.087     0.950000        38418        20.00
   86245.375     0.956250        38648        22.86
   86835.199     0.962500        38928        26.67
   87359.487     0.968750        39157        32.00
   87687.167     0.971875        39287        35.56
   88145.919     0.975000        39420        40.00
   88604.671     0.978125        39545        45.71
   89063.423     0.981250        39658        53.33
   89587.711     0.984375        39797        64.00
   89784.319     0.985938        39846        71.11
   90046.463     0.987500        39912        80.00
   90374.143     0.989062        39980        91.43
   90701.823     0.990625        40042       106.67
   91226.111     0.992188        40110       128.00
   91422.719     0.992969        40132       142.22
   91815.935     0.993750        40168       160.00
   92143.615     0.994531        40198       182.86
   92471.295     0.995313        40227       213.33
   92798.975     0.996094        40257       256.00
   92995.583     0.996484        40275       284.44
   93257.727     0.996875        40293       320.00
   93454.335     0.997266        40304       365.71
   93716.479     0.997656        40320       426.67
   94044.159     0.998047        40336       512.00
   94437.375     0.998242        40343       568.89
   94896.127     0.998437        40352       640.00
   95223.807     0.998633        40359       731.43
   95551.487     0.998828        40367       853.33
   95879.167     0.999023        40376      1024.00
   96010.239     0.999121        40380      1137.78
   96206.847     0.999219        40383      1280.00
   96403.455     0.999316        40387      1462.86
   96731.135     0.999414        40393      1706.67
   96862.207     0.999512        40396      2048.00
   97058.815     0.999561        40397      2275.56
   97517.567     0.999609        40399      2560.00
   97845.247     0.999658        40401      2925.71
   98172.927     0.999707        40403      3413.33
   98435.071     0.999756        40405      4096.00
   98566.143     0.999780        40406      4551.11
   98762.751     0.999805        40407      5120.00
   98893.823     0.999829        40408      5851.43
   99024.895     0.999854        40409      6826.67
   99155.967     0.999878        40410      8192.00
   99155.967     0.999890        40410      9102.22
   99418.111     0.999902        40411     10240.00
   99418.111     0.999915        40411     11702.86
   99811.327     0.999927        40412     13653.33
   99811.327     0.999939        40412     16384.00
   99811.327     0.999945        40412     18204.44
  100007.935     0.999951        40413     20480.00
  100007.935     0.999957        40413     23405.71
  100007.935     0.999963        40413     27306.67
  100007.935     0.999969        40413     32768.00
  100007.935     0.999973        40413     36408.89
  100139.007     0.999976        40414     40960.00
  100139.007     1.000000        40414          inf
#[Mean    =    49290.320, StdDeviation   =    23548.975]
#[Max     =   100073.472, Total count    =        40414]
#[Buckets =           27, SubBuckets     =         2048]
-----------------------------------------------------------------------
  43666 requests in 2.00m, 11.85MB read
  Non-2xx or 3xx responses: 241
Requests/sec:    363.80  
Transfer/sec:    101.08KB
