Running 1m test @ http://nginx-thrift.social-network.svc.cluster.local:8080/wrk2-api/home-timeline/read
  2 threads and 100 connections

  Thread calibration: mean lat.: 306.397ms, rate sampling interval: 854ms
  Thread calibration: mean lat.: 309.205ms, rate sampling interval: 827ms

-----------------------------------------------------------------------
Test Results @ http://nginx-thrift.social-network.svc.cluster.local:8080/wrk2-api/home-timeline/read 
  Thread Stats   Avg      Stdev     99%   +/- Stdev
    Latency     1.62s     2.90s   10.09s    84.84%
    Req/Sec    97.56     18.34   135.00     67.80%
  Latency Distribution (HdrHistogram - Recorded Latency)
 50.000%  265.47ms
 75.000%  496.38ms
 90.000%    6.77s 
 99.000%   10.09s 
 99.900%   17.40s 
 99.990%   18.50s 
 99.999%   18.56s 
100.000%   18.56s 

  Detailed Percentile spectrum:
       Value   Percentile   TotalCount 1/(1-Percentile)

      31.471     0.000000            1         1.00
     234.239     0.100000          983         1.11
     242.687     0.200000         1971         1.25
     249.983     0.300000         2958         1.43
     256.767     0.400000         3923         1.67
     265.471     0.500000         4914         2.00
     272.127     0.550000         5396         2.22
     283.391     0.600000         5891         2.50
     305.407     0.650000         6375         2.86
     345.343     0.700000         6863         3.33
     496.383     0.750000         7352         4.00
    1011.199     0.775000         7597         4.44
    2246.655     0.800000         7843         5.00
    3426.303     0.825000         8088         5.71
    4579.327     0.850000         8333         6.67
    5689.343     0.875000         8577         8.00
    6242.303     0.887500         8702         8.89
    6774.783     0.900000         8822        10.00
    7303.167     0.912500         8946        11.43
    7794.687     0.925000         9067        13.33
    8306.687     0.937500         9190        16.00
    8544.255     0.943750         9251        17.78
    8765.439     0.950000         9312        20.00
    8970.239     0.956250         9374        22.86
    9207.807     0.962500         9435        26.67
    9469.951     0.968750         9502        32.00
    9601.023     0.971875         9529        35.56
    9715.711     0.975000         9558        40.00
    9789.439     0.978125         9588        45.71
    9936.895     0.981250         9621        53.33
   10035.199     0.984375         9663        64.00
   10043.391     0.985938         9686        71.11
   10043.391     0.987500         9686        80.00
   10051.583     0.989062         9699        91.43
   10575.871     0.990625         9711       106.67
   11640.831     0.992188         9726       128.00
   12197.887     0.992969         9734       142.22
   12541.951     0.993750         9741       160.00
   13352.959     0.994531         9749       182.86
   13991.935     0.995313         9757       213.33
   14786.559     0.996094         9764       256.00
   15147.007     0.996484         9768       284.44
   15482.879     0.996875         9772       320.00
   15892.479     0.997266         9776       365.71
   16302.079     0.997656         9780       426.67
   16515.071     0.998047         9783       512.00
   16744.447     0.998242         9785       568.89
   16941.055     0.998437         9787       640.00
   17088.511     0.998633         9789       731.43
   17334.271     0.998828         9791       853.33
   17498.111     0.999023         9793      1024.00
   17580.031     0.999121         9794      1137.78
   17612.799     0.999219         9795      1280.00
   17661.951     0.999316         9796      1462.86
   17907.711     0.999414         9797      1706.67
   17956.863     0.999512         9798      2048.00
   17956.863     0.999561         9798      2275.56
   18104.319     0.999609         9799      2560.00
   18104.319     0.999658         9799      2925.71
   18219.007     0.999707         9800      3413.33
   18219.007     0.999756         9800      4096.00
   18219.007     0.999780         9800      4551.11
   18497.535     0.999805         9801      5120.00
   18497.535     0.999829         9801      5851.43
   18497.535     0.999854         9801      6826.67
   18497.535     0.999878         9801      8192.00
   18497.535     0.999890         9801      9102.22
   18563.071     0.999902         9802     10240.00
   18563.071     1.000000         9802          inf
#[Mean    =     1621.652, StdDeviation   =     2901.210]
#[Max     =    18546.688, Total count    =         9802]
#[Buckets =           27, SubBuckets     =         2048]
-----------------------------------------------------------------------
  11467 requests in 1.00m, 3.12MB read
  Non-2xx or 3xx responses: 86
Requests/sec:    191.07  
Transfer/sec:     53.15KB
