Running 1m test @ http://nginx-thrift.social-network.svc.cluster.local:8080/wrk2-api/home-timeline/read
  2 threads and 100 connections

  Thread calibration: mean lat.: 273.170ms, rate sampling interval: 664ms
  Thread calibration: mean lat.: 269.794ms, rate sampling interval: 671ms

-----------------------------------------------------------------------
Test Results @ http://nginx-thrift.social-network.svc.cluster.local:8080/wrk2-api/home-timeline/read 
  Thread Stats   Avg      Stdev     99%   +/- Stdev
    Latency   862.63ms    2.01s    9.62s    91.57%
    Req/Sec    73.53     12.02   111.00     86.58%
  Latency Distribution (HdrHistogram - Recorded Latency)
 50.000%  256.00ms
 75.000%  277.76ms
 90.000%    1.35s 
 99.000%    9.62s 
 99.900%   15.16s 
 99.990%   17.73s 
 99.999%   21.05s 
100.000%   21.05s 

  Detailed Percentile spectrum:
       Value   Percentile   TotalCount 1/(1-Percentile)

      32.399     0.000000            1         1.00
     232.063     0.100000          744         1.11
     239.615     0.200000         1492         1.25
     245.375     0.300000         2224         1.43
     250.623     0.400000         2962         1.67
     255.999     0.500000         3701         2.00
     258.815     0.550000         4061         2.22
     262.143     0.600000         4442         2.50
     265.727     0.650000         4802         2.86
     270.335     0.700000         5166         3.33
     277.759     0.750000         5542         4.00
     282.111     0.775000         5718         4.44
     292.095     0.800000         5905         5.00
     315.391     0.825000         6086         5.71
     350.719     0.850000         6269         6.67
     471.551     0.875000         6454         8.00
     505.855     0.887500         6546         8.89
    1352.703     0.900000         6639        10.00
    2551.807     0.912500         6730        11.43
    3764.223     0.925000         6822        13.33
    5038.079     0.937500         6916        16.00
    5545.983     0.943750         6961        17.78
    6148.095     0.950000         7007        20.00
    6795.263     0.956250         7053        22.86
    7315.455     0.962500         7099        26.67
    7831.551     0.968750         7146        32.00
    8220.671     0.971875         7169        35.56
    8421.375     0.975000         7191        40.00
    8699.903     0.978125         7216        45.71
    9101.311     0.981250         7237        53.33
    9158.655     0.984375         7260        64.00
    9363.455     0.985938         7272        71.11
    9584.639     0.987500         7287        80.00
    9601.023     0.989062         7298        91.43
    9748.479     0.990625         7306       106.67
   10035.199     0.992188         7327       128.00
   10035.199     0.992969         7327       142.22
   10043.391     0.993750         7340       160.00
   10043.391     0.994531         7340       182.86
   10051.583     0.995313         7350       213.33
   10051.583     0.996094         7350       256.00
   10051.583     0.996484         7350       284.44
   10371.071     0.996875         7352       320.00
   11091.967     0.997266         7355       365.71
   11714.559     0.997656         7358       426.67
   12173.311     0.998047         7361       512.00
   12886.015     0.998242         7363       568.89
   13336.575     0.998437         7364       640.00
   13795.327     0.998633         7365       731.43
   14704.639     0.998828         7367       853.33
   15163.391     0.999023         7368      1024.00
   15589.375     0.999121         7369      1137.78
   16048.127     0.999219         7370      1280.00
   16048.127     0.999316         7370      1462.86
   16515.071     0.999414         7371      1706.67
   16957.439     0.999512         7372      2048.00
   16957.439     0.999561         7372      2275.56
   17432.575     0.999609         7373      2560.00
   17432.575     0.999658         7373      2925.71
   17432.575     0.999707         7373      3413.33
   17727.487     0.999756         7374      4096.00
   17727.487     0.999780         7374      4551.11
   17727.487     0.999805         7374      5120.00
   17727.487     0.999829         7374      5851.43
   17727.487     0.999854         7374      6826.67
   21053.439     0.999878         7375      8192.00
   21053.439     1.000000         7375          inf
#[Mean    =      862.631, StdDeviation   =     2009.524]
#[Max     =    21037.056, Total count    =         7375]
#[Buckets =           27, SubBuckets     =         2048]
-----------------------------------------------------------------------
  8683 requests in 1.00m, 2.36MB read
  Non-2xx or 3xx responses: 44
Requests/sec:    144.62  
Transfer/sec:     40.20KB
