Running 1m test @ http://nginx-thrift.social-network.svc.cluster.local:8080/wrk2-api/home-timeline/read
  2 threads and 100 connections

  Thread calibration: mean lat.: 3349.899ms, rate sampling interval: 12156ms
  Thread calibration: mean lat.: 3286.318ms, rate sampling interval: 11927ms

-----------------------------------------------------------------------
Test Results @ http://nginx-thrift.social-network.svc.cluster.local:8080/wrk2-api/home-timeline/read 
  Thread Stats   Avg      Stdev     99%   +/- Stdev
    Latency    21.72s     8.97s   40.70s    60.48%
    Req/Sec   182.00      5.68   190.00     62.50%
  Latency Distribution (HdrHistogram - Recorded Latency)
 50.000%   21.54s 
 75.000%   29.00s 
 90.000%   34.11s 
 99.000%   40.70s 
 99.900%   44.53s 
 99.990%   46.27s 
 99.999%   46.50s 
100.000%   46.50s 

  Detailed Percentile spectrum:
       Value   Percentile   TotalCount 1/(1-Percentile)

    5709.823     0.000000            1         1.00
    9478.143     0.100000         1831         1.11
   12681.215     0.200000         3658         1.25
   15785.983     0.300000         5484         1.43
   18743.295     0.400000         7313         1.67
   21544.959     0.500000         9143         2.00
   22888.447     0.550000        10056         2.22
   24330.239     0.600000        10961         2.50
   25952.255     0.650000        11882         2.86
   27459.583     0.700000        12789         3.33
   28999.679     0.750000        13710         4.00
   29753.343     0.775000        14161         4.44
   30457.855     0.800000        14614         5.00
   31178.751     0.825000        15075         5.71
   31916.031     0.850000        15528         6.67
   32882.687     0.875000        15994         8.00
   33472.511     0.887500        16214         8.89
   34111.487     0.900000        16447        10.00
   34635.775     0.912500        16678        11.43
   35127.295     0.925000        16910        13.33
   35586.047     0.937500        17130        16.00
   35815.423     0.943750        17241        17.78
   36077.567     0.950000        17362        20.00
   36339.711     0.956250        17473        22.86
   36634.623     0.962500        17585        26.67
   37027.839     0.968750        17697        32.00
   37322.751     0.971875        17755        35.56
   37814.271     0.975000        17810        40.00
   38567.935     0.978125        17867        45.71
   39223.295     0.981250        17924        53.33
   39845.887     0.984375        17985        64.00
   40075.263     0.985938        18012        71.11
   40304.639     0.987500        18041        80.00
   40566.783     0.989062        18070        91.43
   40828.927     0.990625        18096       106.67
   41123.839     0.992188        18125       128.00
   41287.679     0.992969        18138       142.22
   41451.519     0.993750        18157       160.00
   41582.591     0.994531        18167       182.86
   41746.431     0.995313        18181       213.33
   41943.039     0.996094        18196       256.00
   42041.343     0.996484        18202       284.44
   42139.647     0.996875        18209       320.00
   42303.487     0.997266        18217       365.71
   42467.327     0.997656        18224       426.67
   42696.703     0.998047        18231       512.00
   42926.079     0.998242        18234       568.89
   43352.063     0.998437        18238       640.00
   43974.655     0.998633        18242       731.43
   44269.567     0.998828        18245       853.33
   44662.783     0.999023        18249      1024.00
   44728.319     0.999121        18250      1137.78
   44924.927     0.999219        18252      1280.00
   45154.303     0.999316        18254      1462.86
   45350.911     0.999414        18256      1706.67
   45547.519     0.999512        18258      2048.00
   45547.519     0.999561        18258      2275.56
   45678.591     0.999609        18259      2560.00
   45809.663     0.999658        18260      2925.71
   45940.735     0.999707        18261      3413.33
   46039.039     0.999756        18262      4096.00
   46039.039     0.999780        18262      4551.11
   46170.111     0.999805        18263      5120.00
   46170.111     0.999829        18263      5851.43
   46268.415     0.999854        18264      6826.67
   46268.415     0.999878        18264      8192.00
   46268.415     0.999890        18264      9102.22
   46366.719     0.999902        18265     10240.00
   46366.719     0.999915        18265     11702.86
   46366.719     0.999927        18265     13653.33
   46366.719     0.999939        18265     16384.00
   46366.719     0.999945        18265     18204.44
   46497.791     0.999951        18266     20480.00
   46497.791     1.000000        18266          inf
#[Mean    =    21724.694, StdDeviation   =     8967.882]
#[Max     =    46465.024, Total count    =        18266]
#[Buckets =           27, SubBuckets     =         2048]
-----------------------------------------------------------------------
  20907 requests in 1.00m, 5.68MB read
  Non-2xx or 3xx responses: 285
Requests/sec:    348.43  
Transfer/sec:     96.91KB
