Running 2m test @ http://nginx-thrift.social-network.svc.cluster.local:8080/wrk2-api/home-timeline/read
  2 threads and 100 connections

  Thread calibration: mean lat.: 4028.797ms, rate sampling interval: 14032ms
  Thread calibration: mean lat.: 4055.195ms, rate sampling interval: 14049ms

-----------------------------------------------------------------------
Test Results @ http://nginx-thrift.social-network.svc.cluster.local:8080/wrk2-api/home-timeline/read 
  Thread Stats   Avg      Stdev     99%   +/- Stdev
    Latency    49.82s    23.91s    1.53m    58.21%
    Req/Sec   186.36      8.20   198.00     64.29%
  Latency Distribution (HdrHistogram - Recorded Latency)
 50.000%   50.10s 
 75.000%    1.17m 
 90.000%    1.38m 
 99.000%    1.53m 
 99.900%    1.62m 
 99.990%    1.67m 
 99.999%    1.69m 
100.000%    1.69m 

  Detailed Percentile spectrum:
       Value   Percentile   TotalCount 1/(1-Percentile)

    7389.183     0.000000            1         1.00
   16809.983     0.100000         4114         1.11
   24985.599     0.200000         8224         1.25
   33472.511     0.300000        12331         1.43
   41779.199     0.400000        16446         1.67
   50102.271     0.500000        20551         2.00
   54231.039     0.550000        22609         2.22
   58064.895     0.600000        24669         2.50
   61997.055     0.650000        26717         2.86
   66027.519     0.700000        28776         3.33
   70320.127     0.750000        30839         4.00
   72286.207     0.775000        31863         4.44
   74252.287     0.800000        32885         5.00
   76349.439     0.825000        33909         5.71
   78446.591     0.850000        34967         6.67
   80543.743     0.875000        35979         8.00
   81657.855     0.887500        36496         8.89
   82706.431     0.900000        36993        10.00
   83820.543     0.912500        37527        11.43
   84869.119     0.925000        38035        13.33
   85917.695     0.937500        38548        16.00
   86441.983     0.943750        38825        17.78
   86966.271     0.950000        39061        20.00
   87556.095     0.956250        39319        22.86
   88211.455     0.962500        39569        26.67
   88932.351     0.968750        39839        32.00
   89260.031     0.971875        39954        35.56
   89653.247     0.975000        40073        40.00
   90046.463     0.978125        40198        45.71
   90505.215     0.981250        40327        53.33
   91029.503     0.984375        40455        64.00
   91357.183     0.985938        40536        71.11
   91553.791     0.987500        40584        80.00
   91815.935     0.989062        40649        91.43
   92143.615     0.990625        40716       106.67
   92536.831     0.992188        40786       128.00
   92667.903     0.992969        40810       142.22
   92864.511     0.993750        40844       160.00
   93126.655     0.994531        40872       182.86
   93585.407     0.995313        40904       213.33
   94109.695     0.996094        40943       256.00
   94240.767     0.996484        40953       284.44
   94502.911     0.996875        40970       320.00
   94765.055     0.997266        40988       365.71
   95092.735     0.997656        41004       426.67
   95354.879     0.998047        41018       512.00
   95485.951     0.998242        41025       568.89
   95813.631     0.998437        41032       640.00
   96337.919     0.998633        41040       731.43
   96731.135     0.998828        41049       853.33
   96993.279     0.999023        41056      1024.00
   97189.887     0.999121        41061      1137.78
   97452.031     0.999219        41065      1280.00
   97714.175     0.999316        41069      1462.86
   97910.783     0.999414        41073      1706.67
   98041.855     0.999512        41076      2048.00
   98172.927     0.999561        41078      2275.56
   98369.535     0.999609        41080      2560.00
   98697.215     0.999658        41082      2925.71
   98959.359     0.999707        41084      3413.33
   99221.503     0.999756        41086      4096.00
   99352.575     0.999780        41087      4551.11
   99549.183     0.999805        41088      5120.00
   99745.791     0.999829        41089      5851.43
   99876.863     0.999854        41090      6826.67
  100007.935     0.999878        41091      8192.00
  100139.007     0.999890        41092      9102.22
  100139.007     0.999902        41092     10240.00
  100270.079     0.999915        41093     11702.86
  100270.079     0.999927        41093     13653.33
  100794.367     0.999939        41094     16384.00
  100794.367     0.999945        41094     18204.44
  100794.367     0.999951        41094     20480.00
  100990.975     0.999957        41095     23405.71
  100990.975     0.999963        41095     27306.67
  100990.975     0.999969        41095     32768.00
  100990.975     0.999973        41095     36408.89
  100990.975     0.999976        41095     40960.00
  101122.047     0.999979        41096     46811.43
  101122.047     1.000000        41096          inf
#[Mean    =    49824.613, StdDeviation   =    23905.024]
#[Max     =   101056.512, Total count    =        41096]
#[Buckets =           27, SubBuckets     =         2048]
-----------------------------------------------------------------------
  44348 requests in 2.00m, 12.03MB read
  Non-2xx or 3xx responses: 252
Requests/sec:    369.54  
Transfer/sec:    102.66KB
