Running 2m test @ http://nginx-thrift.social-network.svc.cluster.local:8080/wrk2-api/home-timeline/read
  2 threads and 100 connections

  Thread calibration: mean lat.: 336.510ms, rate sampling interval: 956ms
  Thread calibration: mean lat.: 333.786ms, rate sampling interval: 929ms

-----------------------------------------------------------------------
Test Results @ http://nginx-thrift.social-network.svc.cluster.local:8080/wrk2-api/home-timeline/read 
  Thread Stats   Avg      Stdev     99%   +/- Stdev
    Latency     2.33s     3.77s   16.39s    83.12%
    Req/Sec   122.15     15.42   156.00     68.24%
  Latency Distribution (HdrHistogram - Recorded Latency)
 50.000%  289.79ms
 75.000%    3.24s 
 90.000%    8.37s 
 99.000%   16.39s 
 99.900%   20.05s 
 99.990%   28.43s 
 99.999%   28.85s 
100.000%   28.85s 

  Detailed Percentile spectrum:
       Value   Percentile   TotalCount 1/(1-Percentile)

      29.935     0.000000            1         1.00
     237.183     0.100000         2708         1.11
     246.783     0.200000         5413         1.25
     255.615     0.300000         8111         1.43
     266.239     0.400000        10783         1.67
     289.791     0.500000        13489         2.00
     312.319     0.550000        14833         2.22
     347.391     0.600000        16178         2.50
     438.527     0.650000        17522         2.86
    1271.807     0.700000        18870         3.33
    3235.839     0.750000        20219         4.00
    4147.199     0.775000        20892         4.44
    5025.791     0.800000        21565         5.00
    5890.047     0.825000        22239         5.71
    6758.399     0.850000        22915         6.67
    7573.503     0.875000        23588         8.00
    7979.007     0.887500        23926         8.89
    8372.223     0.900000        24265        10.00
    8773.631     0.912500        24606        11.43
    9142.271     0.925000        24937        13.33
    9510.911     0.937500        25276        16.00
    9691.135     0.943750        25449        17.78
    9863.167     0.950000        25613        20.00
   10043.391     0.956250        25827        22.86
   10485.759     0.962500        25947        26.67
   11821.055     0.968750        26114        32.00
   12427.263     0.971875        26200        35.56
   12976.127     0.975000        26284        40.00
   13639.679     0.978125        26367        45.71
   14311.423     0.981250        26451        53.33
   15024.127     0.984375        26536        64.00
   15400.959     0.985938        26578        71.11
   15777.791     0.987500        26620        80.00
   16146.431     0.989062        26662        91.43
   16580.607     0.990625        26704       106.67
   17006.591     0.992188        26746       128.00
   17268.735     0.992969        26768       142.22
   17498.111     0.993750        26789       160.00
   17727.487     0.994531        26809       182.86
   18055.167     0.995313        26830       213.33
   18366.463     0.996094        26851       256.00
   18497.535     0.996484        26863       284.44
   18612.223     0.996875        26873       320.00
   18808.831     0.997266        26883       365.71
   19038.207     0.997656        26893       426.67
   19267.583     0.998047        26907       512.00
   19300.351     0.998242        26910       568.89
   19431.423     0.998437        26914       640.00
   19628.031     0.998633        26920       731.43
   19775.487     0.998828        26925       853.33
   20086.783     0.999023        26931      1024.00
   20201.471     0.999121        26933      1137.78
   20381.695     0.999219        26935      1280.00
   20660.223     0.999316        26938      1462.86
   20905.983     0.999414        26941      1706.67
   21069.823     0.999512        26943      2048.00
   21233.663     0.999561        26945      2275.56
   21331.967     0.999609        26946      2560.00
   21479.423     0.999658        26947      2925.71
   27738.111     0.999707        26949      3413.33
   27918.335     0.999756        26950      4096.00
   28049.407     0.999780        26951      4551.11
   28049.407     0.999805        26951      5120.00
   28229.631     0.999829        26952      5851.43
   28426.239     0.999854        26953      6826.67
   28426.239     0.999878        26953      8192.00
   28622.847     0.999890        26954      9102.22
   28622.847     0.999902        26954     10240.00
   28622.847     0.999915        26954     11702.86
   28803.071     0.999927        26955     13653.33
   28803.071     0.999939        26955     16384.00
   28803.071     0.999945        26955     18204.44
   28803.071     0.999951        26955     20480.00
   28803.071     0.999957        26955     23405.71
   28852.223     0.999963        26956     27306.67
   28852.223     1.000000        26956          inf
#[Mean    =     2332.737, StdDeviation   =     3769.457]
#[Max     =    28835.840, Total count    =        26956]
#[Buckets =           27, SubBuckets     =         2048]
-----------------------------------------------------------------------
  29189 requests in 2.00m, 7.93MB read
  Non-2xx or 3xx responses: 177
Requests/sec:    243.23  
Transfer/sec:     67.63KB
