Running 2m test @ http://nginx-thrift.social-network.svc.cluster.local:8080/wrk2-api/home-timeline/read
  2 threads and 100 connections

  Thread calibration: mean lat.: 2967.281ms, rate sampling interval: 9830ms
  Thread calibration: mean lat.: 2996.434ms, rate sampling interval: 9895ms

-----------------------------------------------------------------------
Test Results @ http://nginx-thrift.social-network.svc.cluster.local:8080/wrk2-api/home-timeline/read 
  Thread Stats   Avg      Stdev     99%   +/- Stdev
    Latency    33.08s    16.11s    1.06m    58.70%
    Req/Sec   190.00      9.62   212.00     68.18%
  Latency Distribution (HdrHistogram - Recorded Latency)
 50.000%   33.00s 
 75.000%   46.66s 
 90.000%    0.91m 
 99.000%    1.06m 
 99.900%    1.23m 
 99.990%    1.26m 
 99.999%    1.27m 
100.000%    1.27m 

  Detailed Percentile spectrum:
       Value   Percentile   TotalCount 1/(1-Percentile)

    4976.639     0.000000            1         1.00
   10764.287     0.100000         4188         1.11
   16351.231     0.200000         8374         1.25
   22347.775     0.300000        12560         1.43
   27656.191     0.400000        16751         1.67
   32997.375     0.500000        20940         2.00
   35815.423     0.550000        23022         2.22
   38797.311     0.600000        25124         2.50
   41418.751     0.650000        27222         2.86
   44236.799     0.700000        29316         3.33
   46661.631     0.750000        31410         4.00
   47906.815     0.775000        32440         4.44
   49283.071     0.800000        33495         5.00
   50462.719     0.825000        34554         5.71
   51675.135     0.850000        35575         6.67
   52985.855     0.875000        36630         8.00
   53805.055     0.887500        37156         8.89
   54624.255     0.900000        37667        10.00
   55377.919     0.912500        38197        11.43
   56098.815     0.925000        38719        13.33
   56852.479     0.937500        39258        16.00
   57212.927     0.943750        39514        17.78
   57671.679     0.950000        39776        20.00
   58097.663     0.956250        40028        22.86
   58654.719     0.962500        40298        26.67
   59637.759     0.968750        40548        32.00
   60293.119     0.971875        40679        35.56
   60948.479     0.975000        40814        40.00
   61538.303     0.978125        40945        45.71
   62029.823     0.981250        41068        53.33
   62619.647     0.984375        41202        64.00
   62914.559     0.985938        41264        71.11
   63307.775     0.987500        41329        80.00
   63668.223     0.989062        41396        91.43
   64061.439     0.990625        41468       106.67
   64487.423     0.992188        41526       128.00
   64978.943     0.992969        41558       142.22
   66027.519     0.993750        41591       160.00
   67108.863     0.994531        41624       182.86
   68157.439     0.995313        41657       213.33
   69140.479     0.996094        41689       256.00
   69468.159     0.996484        41705       284.44
   69926.911     0.996875        41722       320.00
   70778.879     0.997266        41739       365.71
   71499.775     0.997656        41754       426.67
   72155.135     0.998047        41771       512.00
   72417.279     0.998242        41779       568.89
   72679.423     0.998437        41789       640.00
   72941.567     0.998633        41795       731.43
   73334.783     0.998828        41803       853.33
   73596.927     0.999023        41812      1024.00
   73793.535     0.999121        41818      1137.78
   73859.071     0.999219        41820      1280.00
   73990.143     0.999316        41825      1462.86
   74121.215     0.999414        41829      1706.67
   74186.751     0.999512        41832      2048.00
   74252.287     0.999561        41835      2275.56
   74317.823     0.999609        41836      2560.00
   74514.431     0.999658        41838      2925.71
   74579.967     0.999707        41840      3413.33
   74776.575     0.999756        41842      4096.00
   75038.719     0.999780        41843      4551.11
   75366.399     0.999805        41844      5120.00
   75431.935     0.999829        41845      5851.43
   75563.007     0.999854        41846      6826.67
   75628.543     0.999878        41847      8192.00
   75759.615     0.999890        41848      9102.22
   75759.615     0.999902        41848     10240.00
   75825.151     0.999915        41849     11702.86
   75825.151     0.999927        41849     13653.33
   75890.687     0.999939        41850     16384.00
   75890.687     0.999945        41850     18204.44
   75890.687     0.999951        41850     20480.00
   76021.759     0.999957        41851     23405.71
   76021.759     0.999963        41851     27306.67
   76021.759     0.999969        41851     32768.00
   76021.759     0.999973        41851     36408.89
   76021.759     0.999976        41851     40960.00
   76349.439     0.999979        41852     46811.43
   76349.439     1.000000        41852          inf
#[Mean    =    33079.866, StdDeviation   =    16107.085]
#[Max     =    76283.904, Total count    =        41852]
#[Buckets =           27, SubBuckets     =         2048]
-----------------------------------------------------------------------
  44890 requests in 2.00m, 12.18MB read
  Non-2xx or 3xx responses: 217
Requests/sec:    374.08  
Transfer/sec:    103.90KB
