Running 5m test @ http://nginx-thrift.social-network.svc.cluster.local:8080/wrk2-api/home-timeline/read
  2 threads and 100 connections

  Thread calibration: mean lat.: 2923.020ms, rate sampling interval: 10387ms
  Thread calibration: mean lat.: 2391.979ms, rate sampling interval: 9003ms

-----------------------------------------------------------------------
Test Results @ http://nginx-thrift.social-network.svc.cluster.local:8080/wrk2-api/home-timeline/read 
  Thread Stats   Avg      Stdev     99%   +/- Stdev
    Latency     1.46m    49.69s    2.95m    55.89%
    Req/Sec   422.32     56.77   511.00     69.49%
  Latency Distribution (HdrHistogram - Recorded Latency)
 50.000%    1.42m 
 75.000%    2.20m 
 90.000%    2.59m 
 99.000%    2.95m 
 99.900%    3.10m 
 99.990%    3.24m 
 99.999%    3.26m 
100.000%    3.26m 

  Detailed Percentile spectrum:
       Value   Percentile   TotalCount 1/(1-Percentile)

    3485.695     0.000000            1         1.00
   20283.391     0.100000        24463         1.11
   34275.327     0.200000        48973         1.25
   52297.727     0.300000        73383         1.43
   69795.839     0.400000        97839         1.67
   85262.335     0.500000       122354         2.00
   94765.055     0.550000       134502         2.22
  104136.703     0.600000       146725         2.50
  114032.639     0.650000       158993         2.86
  122748.927     0.700000       171206         3.33
  131923.967     0.750000       183478         4.00
  136052.735     0.775000       189535         4.44
  139722.751     0.800000       195741         5.00
  143392.767     0.825000       201864         5.71
  147062.783     0.850000       207860         6.67
  151126.015     0.875000       214117         8.00
  153223.167     0.887500       217189         8.89
  155189.247     0.900000       220168        10.00
  157417.471     0.912500       223189        11.43
  159776.767     0.925000       226306        13.33
  162136.063     0.937500       229289        16.00
  163446.783     0.943750       230826        17.78
  164888.575     0.950000       232435        20.00
  166330.367     0.956250       233936        22.86
  167641.087     0.962500       235377        26.67
  169213.951     0.968750       237037        32.00
  170000.383     0.971875       237733        35.56
  170917.887     0.975000       238524        40.00
  171835.391     0.978125       239245        45.71
  172883.967     0.981250       239983        53.33
  174063.615     0.984375       240733        64.00
  174718.975     0.985938       241153        71.11
  175374.335     0.987500       241486        80.00
  176291.839     0.989062       241881        91.43
  177340.415     0.990625       242256       106.67
  178651.135     0.992188       242639       128.00
  179306.495     0.992969       242852       142.22
  179830.783     0.993750       243021       160.00
  180486.143     0.994531       243205       182.86
  181141.503     0.995313       243395       213.33
  181927.935     0.996094       243588       256.00
  182321.151     0.996484       243672       284.44
  182976.511     0.996875       243785       320.00
  183500.799     0.997266       243871       365.71
  184025.087     0.997656       243963       426.67
  184549.375     0.998047       244071       512.00
  184811.519     0.998242       244111       568.89
  185073.663     0.998437       244154       640.00
  185335.807     0.998633       244198       731.43
  185860.095     0.998828       244248       853.33
  186253.311     0.999023       244292      1024.00
  186646.527     0.999121       244320      1137.78
  186908.671     0.999219       244343      1280.00
  187301.887     0.999316       244365      1462.86
  187695.103     0.999414       244386      1706.67
  188219.391     0.999512       244411      2048.00
  189399.039     0.999561       244422      2275.56
  190447.615     0.999609       244434      2560.00
  192020.479     0.999658       244449      2925.71
  192413.695     0.999707       244460      3413.33
  193069.055     0.999756       244470      4096.00
  193331.199     0.999780       244476      4551.11
  193593.343     0.999805       244482      5120.00
  193986.559     0.999829       244490      5851.43
  194117.631     0.999854       244495      6826.67
  194248.703     0.999878       244502      8192.00
  194379.775     0.999890       244504      9102.22
  194641.919     0.999902       244507     10240.00
  194772.991     0.999915       244510     11702.86
  195035.135     0.999927       244513     13653.33
  195166.207     0.999939       244516     16384.00
  195166.207     0.999945       244516     18204.44
  195297.279     0.999951       244520     20480.00
  195297.279     0.999957       244520     23405.71
  195428.351     0.999963       244522     27306.67
  195428.351     0.999969       244522     32768.00
  195559.423     0.999973       244524     36408.89
  195559.423     0.999976       244524     40960.00
  195559.423     0.999979       244524     46811.43
  195690.495     0.999982       244527     54613.33
  195690.495     0.999985       244527     65536.00
  195690.495     0.999986       244527     72817.78
  195690.495     0.999988       244527     81920.00
  195690.495     0.999989       244527     93622.86
  195690.495     0.999991       244527    109226.67
  195821.567     0.999992       244529    131072.00
  195821.567     1.000000       244529          inf
#[Mean    =    87450.047, StdDeviation   =    49693.866]
#[Max     =   195690.496, Total count    =       244529]
#[Buckets =           27, SubBuckets     =         2048]
-----------------------------------------------------------------------
  252128 requests in 5.00m, 68.18MB read
  Non-2xx or 3xx responses: 669
Requests/sec:    840.42  
Transfer/sec:    232.73KB
