Running 5m test @ http://nginx-thrift.social-network.svc.cluster.local:8080/wrk2-api/home-timeline/read
  2 threads and 100 connections

  Thread calibration: mean lat.: 150.391ms, rate sampling interval: 516ms
  Thread calibration: mean lat.: 149.636ms, rate sampling interval: 505ms

-----------------------------------------------------------------------
Test Results @ http://nginx-thrift.social-network.svc.cluster.local:8080/wrk2-api/home-timeline/read 
  Thread Stats   Avg      Stdev     99%   +/- Stdev
    Latency     1.93s     3.88s   17.83s    85.87%
    Req/Sec   299.52     46.27   413.00     71.45%
  Latency Distribution (HdrHistogram - Recorded Latency)
 50.000%  176.26ms
 75.000%  918.53ms
 90.000%    7.72s 
 99.000%   17.83s 
 99.900%   27.64s 
 99.990%   29.92s 
 99.999%   30.29s 
100.000%   30.47s 

  Detailed Percentile spectrum:
       Value   Percentile   TotalCount 1/(1-Percentile)

      22.095     0.000000            1         1.00
      91.711     0.100000        17393         1.11
      98.687     0.200000        34884         1.25
     112.575     0.300000        52183         1.43
     142.975     0.400000        69554         1.67
     176.255     0.500000        86914         2.00
     201.471     0.550000        95623         2.22
     236.159     0.600000       104318         2.50
     291.327     0.650000       112988         2.86
     408.319     0.700000       121675         3.33
     918.527     0.750000       130363         4.00
    1645.567     0.775000       134707         4.44
    2889.727     0.800000       139054         5.00
    4206.591     0.825000       143402         5.71
    5414.911     0.850000       147747         6.67
    6565.887     0.875000       152092         8.00
    7114.751     0.887500       154267         8.89
    7720.959     0.900000       156434        10.00
    8314.879     0.912500       158614        11.43
    8871.935     0.925000       160800        13.33
    9396.223     0.937500       162973        16.00
    9650.175     0.943750       164064        17.78
    9871.359     0.950000       165129        20.00
   10076.159     0.956250       166215        22.86
   10452.991     0.962500       167305        26.67
   11722.751     0.968750       168385        32.00
   12525.567     0.971875       168931        35.56
   13311.999     0.975000       169476        40.00
   14032.895     0.978125       170016        45.71
   14852.095     0.981250       170557        53.33
   15671.295     0.984375       171104        64.00
   16171.007     0.985938       171375        71.11
   16859.135     0.987500       171644        80.00
   17383.423     0.989062       171921        91.43
   18120.703     0.990625       172187       106.67
   18956.287     0.992188       172464       128.00
   19316.735     0.992969       172594       142.22
   19857.407     0.993750       172730       160.00
   20332.543     0.994531       172868       182.86
   21217.279     0.995313       173001       213.33
   22413.311     0.996094       173137       256.00
   23150.591     0.996484       173204       284.44
   23871.487     0.996875       173272       320.00
   24625.151     0.997266       173343       365.71
   25280.511     0.997656       173409       426.67
   25608.191     0.998047       173476       512.00
   26132.479     0.998242       173512       568.89
   26623.999     0.998437       173545       640.00
   26886.143     0.998633       173579       731.43
   27131.903     0.998828       173613       853.33
   27738.111     0.999023       173646      1024.00
   28196.863     0.999121       173663      1137.78
   28377.087     0.999219       173681      1280.00
   28475.391     0.999316       173697      1462.86
   28721.151     0.999414       173714      1706.67
   29114.367     0.999512       173732      2048.00
   29212.671     0.999561       173739      2275.56
   29245.439     0.999609       173748      2560.00
   29360.127     0.999658       173756      2925.71
   29474.815     0.999707       173765      3413.33
   29589.503     0.999756       173773      4096.00
   29671.423     0.999780       173778      4551.11
   29704.191     0.999805       173784      5120.00
   29736.959     0.999829       173786      5851.43
   29769.727     0.999854       173790      6826.67
   29835.263     0.999878       173794      8192.00
   29900.799     0.999890       173796      9102.22
   29917.183     0.999902       173799     10240.00
   29999.103     0.999915       173801     11702.86
   30113.791     0.999927       173804     13653.33
   30130.175     0.999939       173805     16384.00
   30146.559     0.999945       173806     18204.44
   30212.095     0.999951       173810     20480.00
   30212.095     0.999957       173810     23405.71
   30212.095     0.999963       173810     27306.67
   30212.095     0.999969       173810     32768.00
   30228.479     0.999973       173811     36408.89
   30228.479     0.999976       173811     40960.00
   30277.631     0.999979       173812     46811.43
   30277.631     0.999982       173812     54613.33
   30294.015     0.999985       173813     65536.00
   30294.015     0.999986       173813     72817.78
   30294.015     0.999988       173813     81920.00
   30359.551     0.999989       173814     93622.86
   30359.551     0.999991       173814    109226.67
   30359.551     0.999992       173814    131072.00
   30359.551     0.999993       173814    145635.56
   30359.551     0.999994       173814    163840.00
   30474.239     0.999995       173815    187245.71
   30474.239     1.000000       173815          inf
#[Mean    =     1926.691, StdDeviation   =     3879.300]
#[Max     =    30457.856, Total count    =       173815]
#[Buckets =           27, SubBuckets     =         2048]
-----------------------------------------------------------------------
  179374 requests in 5.00m, 48.49MB read
  Non-2xx or 3xx responses: 327
Requests/sec:    597.91  
Transfer/sec:    165.50KB
