Running 5m test @ http://nginx-thrift.social-network.svc.cluster.local:8080/wrk2-api/home-timeline/read
  2 threads and 100 connections

  Thread calibration: mean lat.: 153.543ms, rate sampling interval: 518ms
  Thread calibration: mean lat.: 154.062ms, rate sampling interval: 534ms

-----------------------------------------------------------------------
Test Results @ http://nginx-thrift.social-network.svc.cluster.local:8080/wrk2-api/home-timeline/read 
  Thread Stats   Avg      Stdev     99%   +/- Stdev
    Latency     1.45s     3.47s   16.70s    88.24%
    Req/Sec   249.78     35.41   335.00     73.30%
  Latency Distribution (HdrHistogram - Recorded Latency)
 50.000%  145.92ms
 75.000%  292.10ms
 90.000%    6.03s 
 99.000%   16.70s 
 99.900%   29.08s 
 99.990%   37.68s 
 99.999%   38.63s 
100.000%   38.73s 

  Detailed Percentile spectrum:
       Value   Percentile   TotalCount 1/(1-Percentile)

      68.863     0.000000            1         1.00
      90.047     0.100000        14562         1.11
      95.615     0.200000        29019         1.25
     101.951     0.300000        43553         1.43
     118.399     0.400000        58034         1.67
     145.919     0.500000        72530         2.00
     159.743     0.550000        79770         2.22
     176.127     0.600000        87025         2.50
     199.679     0.650000        94252         2.86
     233.855     0.700000       101503         3.33
     292.095     0.750000       108753         4.00
     346.879     0.775000       112381         4.44
     481.791     0.800000       116004         5.00
    1335.295     0.825000       119626         5.71
    2920.447     0.850000       123257         6.67
    4448.255     0.875000       126876         8.00
    5230.591     0.887500       128691         8.89
    6025.215     0.900000       130504        10.00
    6844.415     0.912500       132318        11.43
    7557.119     0.925000       134138        13.33
    8278.015     0.937500       135945        16.00
    8634.367     0.943750       136876        17.78
    8962.047     0.950000       137755        20.00
    9338.879     0.956250       138671        22.86
    9682.943     0.962500       139588        26.67
   10002.431     0.968750       140472        32.00
   10100.735     0.971875       140927        35.56
   10387.455     0.975000       141379        40.00
   11362.303     0.978125       141832        45.71
   12845.055     0.981250       142290        53.33
   13934.591     0.984375       142737        64.00
   14647.295     0.985938       142962        71.11
   15359.999     0.987500       143190        80.00
   16310.271     0.989062       143418        91.43
   17121.279     0.990625       143643       106.67
   17743.871     0.992188       143870       128.00
   18186.239     0.992969       143983       142.22
   18595.839     0.993750       144096       160.00
   19152.895     0.994531       144211       182.86
   19726.335     0.995313       144323       213.33
   21364.735     0.996094       144435       256.00
   22609.919     0.996484       144495       284.44
   23756.799     0.996875       144550       320.00
   24510.463     0.997266       144605       365.71
   25509.887     0.997656       144662       426.67
   26312.703     0.998047       144719       512.00
   26722.303     0.998242       144748       568.89
   27066.367     0.998437       144775       640.00
   27820.031     0.998633       144803       731.43
   28639.231     0.998828       144832       853.33
   29097.983     0.999023       144863      1024.00
   29474.815     0.999121       144874      1137.78
   29818.879     0.999219       144888      1280.00
   30277.631     0.999316       144902      1462.86
   31588.351     0.999414       144917      1706.67
   32276.479     0.999512       144931      2048.00
   32620.543     0.999561       144938      2275.56
   32997.375     0.999609       144945      2560.00
   33406.975     0.999658       144952      2925.71
   33619.967     0.999707       144959      3413.33
   34406.399     0.999756       144966      4096.00
   36700.159     0.999780       144970      4551.11
   37093.375     0.999805       144973      5120.00
   37453.823     0.999829       144979      5851.43
   37486.591     0.999854       144981      6826.67
   37584.895     0.999878       144984      8192.00
   37683.199     0.999890       144987      9102.22
   37683.199     0.999902       144987     10240.00
   37748.735     0.999915       144989     11702.86
   38010.879     0.999927       144991     13653.33
   38043.647     0.999939       144993     16384.00
   38076.415     0.999945       144994     18204.44
   38076.415     0.999951       144994     20480.00
   38109.183     0.999957       144995     23405.71
   38436.863     0.999963       144996     27306.67
   38502.399     0.999969       144997     32768.00
   38535.167     0.999973       144998     36408.89
   38535.167     0.999976       144998     40960.00
   38535.167     0.999979       144998     46811.43
   38567.935     0.999982       144999     54613.33
   38567.935     0.999985       144999     65536.00
   38633.471     0.999986       145000     72817.78
   38633.471     0.999988       145000     81920.00
   38633.471     0.999989       145000     93622.86
   38633.471     0.999991       145000    109226.67
   38633.471     0.999992       145000    131072.00
   38731.775     0.999993       145001    145635.56
   38731.775     1.000000       145001          inf
#[Mean    =     1450.021, StdDeviation   =     3465.056]
#[Max     =    38699.008, Total count    =       145001]
#[Buckets =           27, SubBuckets     =         2048]
-----------------------------------------------------------------------
  149654 requests in 5.00m, 40.46MB read
  Socket errors: connect 0, read 0, write 0, timeout 1
  Non-2xx or 3xx responses: 304
Requests/sec:    498.85  
Transfer/sec:    138.09KB
