Running 5m test @ http://nginx-thrift.social-network.svc.cluster.local:8080/wrk2-api/home-timeline/read
  2 threads and 100 connections

  Thread calibration: mean lat.: 840.703ms, rate sampling interval: 3293ms
  Thread calibration: mean lat.: 799.093ms, rate sampling interval: 3119ms

-----------------------------------------------------------------------
Test Results @ http://nginx-thrift.social-network.svc.cluster.local:8080/wrk2-api/home-timeline/read 
  Thread Stats   Avg      Stdev     99%   +/- Stdev
    Latency    40.44s    24.72s    1.61m    61.70%
    Req/Sec   422.49     74.20   534.00     72.22%
  Latency Distribution (HdrHistogram - Recorded Latency)
 50.000%   38.63s 
 75.000%    0.98m 
 90.000%    1.24m 
 99.000%    1.61m 
 99.900%    1.82m 
 99.990%    1.91m 
 99.999%    1.92m 
100.000%    1.92m 

  Detailed Percentile spectrum:
       Value   Percentile   TotalCount 1/(1-Percentile)

      50.655     0.000000            1         1.00
    6078.463     0.100000        24527         1.11
   15900.671     0.200000        49059         1.25
   26001.407     0.300000        73567         1.43
   32374.783     0.400000        98128         1.67
   38633.471     0.500000       122610         2.00
   42074.111     0.550000       134885         2.22
   46104.575     0.600000       147150         2.50
   50233.343     0.650000       159401         2.86
   54132.735     0.700000       171659         3.33
   59047.935     0.750000       183997         4.00
   61276.159     0.775000       190088         4.44
   63832.063     0.800000       196184         5.00
   66355.199     0.825000       202307         5.71
   69140.479     0.850000       208434         6.67
   71630.847     0.875000       214600         8.00
   72941.567     0.887500       217694         8.89
   74121.215     0.900000       220740        10.00
   75628.543     0.912500       223866        11.43
   77266.943     0.925000       226844        13.33
   79101.951     0.937500       229927        16.00
   80609.279     0.943750       231473        17.78
   82706.431     0.950000       233001        20.00
   84410.367     0.956250       234495        22.86
   86310.911     0.962500       236040        26.67
   87949.311     0.968750       237592        32.00
   88932.351     0.971875       238327        35.56
   90111.999     0.975000       239113        40.00
   90963.967     0.978125       239906        45.71
   92078.079     0.981250       240623        53.33
   93650.943     0.984375       241403        64.00
   94502.911     0.985938       241772        71.11
   95420.415     0.987500       242154        80.00
   96206.847     0.989062       242537        91.43
   96993.279     0.990625       242939       106.67
   97583.103     0.992188       243311       128.00
   98041.855     0.992969       243489       142.22
   98893.823     0.993750       243679       160.00
   99876.863     0.994531       243872       182.86
  101187.583     0.995313       244066       213.33
  103546.879     0.996094       244255       256.00
  104267.775     0.996484       244357       284.44
  104923.135     0.996875       244447       320.00
  106168.319     0.997266       244542       365.71
  106758.143     0.997656       244637       426.67
  107347.967     0.998047       244735       512.00
  107872.255     0.998242       244785       568.89
  108265.471     0.998437       244839       640.00
  108789.759     0.998633       244888       731.43
  109051.903     0.998828       244933       853.33
  109182.975     0.999023       244980      1024.00
  109379.583     0.999121       245000      1137.78
  109707.263     0.999219       245020      1280.00
  110362.623     0.999316       245046      1462.86
  110493.695     0.999414       245068      1706.67
  110755.839     0.999512       245093      2048.00
  111149.055     0.999561       245104      2275.56
  113311.743     0.999609       245116      2560.00
  113770.495     0.999658       245128      2925.71
  113967.103     0.999707       245143      3413.33
  114294.783     0.999756       245157      4096.00
  114360.319     0.999780       245165      4551.11
  114360.319     0.999805       245165      5120.00
  114425.855     0.999829       245172      5851.43
  114491.391     0.999854       245176      6826.67
  114622.463     0.999878       245184      8192.00
  114687.999     0.999890       245186      9102.22
  114819.071     0.999902       245188     10240.00
  114884.607     0.999915       245191     11702.86
  115015.679     0.999927       245196     13653.33
  115081.215     0.999939       245202     16384.00
  115081.215     0.999945       245202     18204.44
  115081.215     0.999951       245202     20480.00
  115081.215     0.999957       245202     23405.71
  115146.751     0.999963       245205     27306.67
  115146.751     0.999969       245205     32768.00
  115146.751     0.999973       245205     36408.89
  115212.287     0.999976       245210     40960.00
  115212.287     0.999979       245210     46811.43
  115212.287     0.999982       245210     54613.33
  115212.287     0.999985       245210     65536.00
  115212.287     0.999986       245210     72817.78
  115212.287     0.999988       245210     81920.00
  115212.287     0.999989       245210     93622.86
  115212.287     0.999991       245210    109226.67
  115212.287     0.999992       245210    131072.00
  115212.287     0.999993       245210    145635.56
  115212.287     0.999994       245210    163840.00
  115212.287     0.999995       245210    187245.71
  115212.287     0.999995       245210    218453.33
  115277.823     0.999996       245211    262144.00
  115277.823     1.000000       245211          inf
#[Mean    =    40442.387, StdDeviation   =    24720.811]
#[Max     =   115212.288, Total count    =       245211]
#[Buckets =           27, SubBuckets     =         2048]
-----------------------------------------------------------------------
  255039 requests in 5.00m, 68.96MB read
  Non-2xx or 3xx responses: 502
Requests/sec:    850.12  
Transfer/sec:    235.39KB
