Running 5m test @ http://nginx-thrift.social-network.svc.cluster.local:8080/wrk2-api/home-timeline/read
  2 threads and 100 connections

  Thread calibration: mean lat.: 201.796ms, rate sampling interval: 761ms
  Thread calibration: mean lat.: 217.405ms, rate sampling interval: 836ms

-----------------------------------------------------------------------
Test Results @ http://nginx-thrift.social-network.svc.cluster.local:8080/wrk2-api/home-timeline/read 
  Thread Stats   Avg      Stdev     99%   +/- Stdev
    Latency     3.65s     5.28s   21.81s    83.76%
    Req/Sec   345.87     53.64   459.00     71.94%
  Latency Distribution (HdrHistogram - Recorded Latency)
 50.000%  534.53ms
 75.000%    6.31s 
 90.000%   10.56s 
 99.000%   21.81s 
 99.900%   33.85s 
 99.990%   35.42s 
 99.999%   35.65s 
100.000%   35.68s 

  Detailed Percentile spectrum:
       Value   Percentile   TotalCount 1/(1-Percentile)

      17.359     0.000000            1         1.00
     101.375     0.100000        20120         1.11
     148.095     0.200000        40207         1.25
     206.591     0.300000        60246         1.43
     306.175     0.400000        80347         1.67
     534.527     0.500000       100397         2.00
     868.863     0.550000       110445         2.22
    1674.239     0.600000       120477         2.50
    3024.895     0.650000       130523         2.86
    4710.399     0.700000       140558         3.33
    6311.935     0.750000       150611         4.00
    7127.039     0.775000       155639         4.44
    7897.087     0.800000       160639         5.00
    8609.791     0.825000       165704         5.71
    9273.343     0.850000       170689         6.67
    9912.319     0.875000       175725         8.00
   10174.463     0.887500       178247         8.89
   10559.487     0.900000       180727        10.00
   11173.887     0.912500       183236        11.43
   12214.271     0.925000       185750        13.33
   13402.111     0.937500       188244        16.00
   14155.775     0.943750       189507        17.78
   14770.175     0.950000       190766        20.00
   15409.151     0.956250       192021        22.86
   16064.511     0.962500       193266        26.67
   16891.903     0.968750       194535        32.00
   17416.191     0.971875       195151        35.56
   17956.863     0.975000       195788        40.00
   18513.919     0.978125       196401        45.71
   19202.047     0.981250       197035        53.33
   19873.791     0.984375       197659        64.00
   20316.159     0.985938       197975        71.11
   20725.759     0.987500       198299        80.00
   21315.583     0.989062       198599        91.43
   22233.087     0.990625       198913       106.67
   23166.975     0.992188       199227       128.00
   23904.255     0.992969       199382       142.22
   24575.999     0.993750       199540       160.00
   25509.887     0.994531       199696       182.86
   26230.783     0.995313       199859       213.33
   26951.679     0.996094       200010       256.00
   27590.655     0.996484       200091       284.44
   28049.407     0.996875       200166       320.00
   28491.775     0.997266       200244       365.71
   29212.671     0.997656       200323       426.67
   30294.015     0.998047       200401       512.00
   30834.687     0.998242       200442       568.89
   31375.359     0.998437       200480       640.00
   32243.711     0.998633       200519       731.43
   33144.831     0.998828       200558       853.33
   33849.343     0.999023       200598      1024.00
   33980.415     0.999121       200623      1137.78
   34078.719     0.999219       200639      1280.00
   34242.559     0.999316       200658      1462.86
   34340.863     0.999414       200679      1706.67
   34471.935     0.999512       200698      2048.00
   34570.239     0.999561       200705      2275.56
   34668.543     0.999609       200715      2560.00
   34832.383     0.999658       200725      2925.71
   34996.223     0.999707       200735      3413.33
   35225.599     0.999756       200746      4096.00
   35258.367     0.999780       200751      4551.11
   35291.135     0.999805       200754      5120.00
   35323.903     0.999829       200760      5851.43
   35356.671     0.999854       200766      6826.67
   35389.439     0.999878       200769      8192.00
   35422.207     0.999890       200775      9102.22
   35422.207     0.999902       200775     10240.00
   35454.975     0.999915       200780     11702.86
   35454.975     0.999927       200780     13653.33
   35487.743     0.999939       200784     16384.00
   35487.743     0.999945       200784     18204.44
   35487.743     0.999951       200784     20480.00
   35520.511     0.999957       200785     23405.71
   35586.047     0.999963       200788     27306.67
   35586.047     0.999969       200788     32768.00
   35586.047     0.999973       200788     36408.89
   35618.815     0.999976       200789     40960.00
   35618.815     0.999979       200789     46811.43
   35651.583     0.999982       200791     54613.33
   35651.583     0.999985       200791     65536.00
   35651.583     0.999986       200791     72817.78
   35651.583     0.999988       200791     81920.00
   35651.583     0.999989       200791     93622.86
   35684.351     0.999991       200793    109226.67
   35684.351     1.000000       200793          inf
#[Mean    =     3645.634, StdDeviation   =     5278.328]
#[Max     =    35651.584, Total count    =       200793]
#[Buckets =           27, SubBuckets     =         2048]
-----------------------------------------------------------------------
  206888 requests in 5.00m, 55.95MB read
  Non-2xx or 3xx responses: 400
Requests/sec:    689.58  
Transfer/sec:    190.95KB
