Running 5m test @ http://nginx-thrift.social-network.svc.cluster.local:8080/wrk2-api/home-timeline/read
  2 threads and 100 connections

  Thread calibration: mean lat.: 1648.284ms, rate sampling interval: 6344ms
  Thread calibration: mean lat.: 1757.788ms, rate sampling interval: 6742ms

-----------------------------------------------------------------------
Test Results @ http://nginx-thrift.social-network.svc.cluster.local:8080/wrk2-api/home-timeline/read 
  Thread Stats   Avg      Stdev     99%   +/- Stdev
    Latency    11.26s    10.97s   45.12s    73.90%
    Req/Sec   424.58     45.20   491.00     71.59%
  Latency Distribution (HdrHistogram - Recorded Latency)
 50.000%    8.63s 
 75.000%   17.42s 
 90.000%   27.07s 
 99.000%   45.12s 
 99.900%    1.09m 
 99.990%    1.12m 
 99.999%    1.15m 
100.000%    1.15m 

  Detailed Percentile spectrum:
       Value   Percentile   TotalCount 1/(1-Percentile)

      16.415     0.000000            1         1.00
     300.543     0.100000        24656         1.11
     915.967     0.200000        49309         1.25
    3129.343     0.300000        73966         1.43
    6029.311     0.400000        98614         1.67
    8626.175     0.500000       123338         2.00
    9699.327     0.550000       135596         2.22
   10846.207     0.600000       147937         2.50
   12509.183     0.650000       160244         2.86
   14827.519     0.700000       172561         3.33
   17416.191     0.750000       184915         4.00
   18497.535     0.775000       191090         4.44
   19808.255     0.800000       197272         5.00
   21463.039     0.825000       203395         5.71
   23347.199     0.850000       209565         6.67
   25198.591     0.875000       215716         8.00
   26066.943     0.887500       218785         8.89
   27066.367     0.900000       221887        10.00
   28229.631     0.912500       224940        11.43
   29507.583     0.925000       228056        13.33
   31047.679     0.937500       231117        16.00
   31883.263     0.943750       232641        17.78
   32915.455     0.950000       234203        20.00
   33914.879     0.956250       235736        22.86
   34930.687     0.962500       237269        26.67
   37027.839     0.968750       238819        32.00
   38043.647     0.971875       239592        35.56
   38830.079     0.975000       240363        40.00
   39780.351     0.978125       241137        45.71
   40894.463     0.981250       241909        53.33
   42565.631     0.984375       242671        64.00
   43483.135     0.985938       243059        71.11
   43974.655     0.987500       243435        80.00
   44597.247     0.989062       243817        91.43
   45350.911     0.990625       244196       106.67
   46333.951     0.992188       244582       128.00
   46792.703     0.992969       244777       142.22
   47153.151     0.993750       244977       160.00
   47742.975     0.994531       245160       182.86
   48431.103     0.995313       245356       213.33
   49119.231     0.996094       245546       256.00
   49807.359     0.996484       245642       284.44
   50495.487     0.996875       245738       320.00
   52690.943     0.997266       245833       365.71
   56885.247     0.997656       245936       426.67
   58949.631     0.998047       246028       512.00
   60030.975     0.998242       246074       568.89
   60391.423     0.998437       246125       640.00
   60686.335     0.998633       246170       731.43
   61014.015     0.998828       246219       853.33
   65798.143     0.999023       246267      1024.00
   65961.983     0.999121       246293      1137.78
   66027.519     0.999219       246318      1280.00
   66125.823     0.999316       246344      1462.86
   66191.359     0.999414       246365      1706.67
   66322.431     0.999512       246395      2048.00
   66355.199     0.999561       246404      2275.56
   66420.735     0.999609       246414      2560.00
   66551.807     0.999658       246425      2925.71
   66781.183     0.999707       246436      3413.33
   66945.023     0.999756       246451      4096.00
   66977.791     0.999780       246457      4551.11
   67043.327     0.999805       246462      5120.00
   67076.095     0.999829       246466      5851.43
   67108.863     0.999854       246472      6826.67
   67239.935     0.999878       246478      8192.00
   67371.007     0.999890       246482      9102.22
   67436.543     0.999902       246486     10240.00
   67436.543     0.999915       246486     11702.86
   67698.687     0.999927       246490     13653.33
   67829.759     0.999939       246493     16384.00
   67895.295     0.999945       246494     18204.44
   68157.439     0.999951       246497     20480.00
   68157.439     0.999957       246497     23405.71
   68222.975     0.999963       246500     27306.67
   68222.975     0.999969       246500     32768.00
   68354.047     0.999973       246503     36408.89
   68354.047     0.999976       246503     40960.00
   68354.047     0.999979       246503     46811.43
   68354.047     0.999982       246503     54613.33
   68747.263     0.999985       246505     65536.00
   68747.263     0.999986       246505     72817.78
   68747.263     0.999988       246505     81920.00
   68747.263     0.999989       246505     93622.86
   68747.263     0.999991       246505    109226.67
   68812.799     0.999992       246506    131072.00
   68812.799     0.999993       246506    145635.56
   68812.799     0.999994       246506    163840.00
   68812.799     0.999995       246506    187245.71
   68812.799     0.999995       246506    218453.33
   68878.335     0.999996       246507    262144.00
   68878.335     1.000000       246507          inf
#[Mean    =    11261.174, StdDeviation   =    10972.176]
#[Max     =    68812.800, Total count    =       246507]
#[Buckets =           27, SubBuckets     =         2048]
-----------------------------------------------------------------------
  253083 requests in 5.00m, 68.43MB read
  Non-2xx or 3xx responses: 677
Requests/sec:    843.61  
Transfer/sec:    233.58KB
