Running 5m test @ http://nginx-thrift.social-network.svc.cluster.local:8080/wrk2-api/home-timeline/read
  2 threads and 100 connections

  Thread calibration: mean lat.: 186.520ms, rate sampling interval: 677ms
  Thread calibration: mean lat.: 179.302ms, rate sampling interval: 666ms

-----------------------------------------------------------------------
Test Results @ http://nginx-thrift.social-network.svc.cluster.local:8080/wrk2-api/home-timeline/read 
  Thread Stats   Avg      Stdev     99%   +/- Stdev
    Latency   453.20ms    2.25s   10.03s    96.57%
    Req/Sec    24.87      7.02    46.00     77.87%
  Latency Distribution (HdrHistogram - Recorded Latency)
 50.000%   95.61ms
 75.000%  102.27ms
 90.000%  131.46ms
 99.000%   10.03s 
 99.900%   29.31s 
 99.990%   37.91s 
 99.999%   38.57s 
100.000%   38.57s 

  Detailed Percentile spectrum:
       Value   Percentile   TotalCount 1/(1-Percentile)

      49.695     0.000000            1         1.00
      85.311     0.100000         1474         1.11
      88.703     0.200000         2942         1.25
      91.199     0.300000         4417         1.43
      93.375     0.400000         5872         1.67
      95.615     0.500000         7336         2.00
      96.703     0.550000         8041         2.22
      97.919     0.600000         8787         2.50
      99.199     0.650000         9527         2.86
     100.543     0.700000        10235         3.33
     102.271     0.750000        10962         4.00
     103.423     0.775000        11338         4.44
     104.575     0.800000        11694         5.00
     106.239     0.825000        12060         5.71
     108.671     0.850000        12424         6.67
     114.559     0.875000        12787         8.00
     121.535     0.887500        12970         8.89
     131.455     0.900000        13157        10.00
     141.951     0.912500        13336        11.43
     152.959     0.925000        13519        13.33
     167.551     0.937500        13700        16.00
     177.151     0.943750        13792        17.78
     188.543     0.950000        13883        20.00
     207.359     0.956250        13974        22.86
    1674.239     0.962500        14066        26.67
    3764.223     0.968750        14157        32.00
    4620.287     0.971875        14203        35.56
    5644.287     0.975000        14248        40.00
    6848.511     0.978125        14295        45.71
    7630.847     0.981250        14340        53.33
    9027.583     0.984375        14385        64.00
    9601.023     0.985938        14408        71.11
   10018.815     0.987500        14453        80.00
   10027.007     0.989062        14475        91.43
   10035.199     0.990625        14477       106.67
   10313.727     0.992188        14499       128.00
   11608.063     0.992969        14511       142.22
   13524.991     0.993750        14522       160.00
   15523.839     0.994531        14534       182.86
   17858.559     0.995313        14545       213.33
   19841.023     0.996094        14556       256.00
   20627.455     0.996484        14562       284.44
   22380.543     0.996875        14568       320.00
   25739.263     0.997266        14574       365.71
   26165.247     0.997656        14579       426.67
   27492.351     0.998047        14585       512.00
   27770.879     0.998242        14588       568.89
   28557.311     0.998437        14591       640.00
   28868.607     0.998633        14595       731.43
   28901.375     0.998828        14596       853.33
   29491.199     0.999023        14599      1024.00
   30015.487     0.999121        14601      1137.78
   30031.871     0.999219        14607      1280.00
   30031.871     0.999316        14607      1462.86
   30031.871     0.999414        14607      1706.67
   30031.871     0.999512        14607      2048.00
   30031.871     0.999561        14607      2275.56
   31703.039     0.999609        14608      2560.00
   32555.007     0.999658        14609      2925.71
   32555.007     0.999707        14609      3413.33
   37388.287     0.999756        14610      4096.00
   37388.287     0.999780        14610      4551.11
   37847.039     0.999805        14611      5120.00
   37847.039     0.999829        14611      5851.43
   37847.039     0.999854        14611      6826.67
   37912.575     0.999878        14612      8192.00
   37912.575     0.999890        14612      9102.22
   37912.575     0.999902        14612     10240.00
   37912.575     0.999915        14612     11702.86
   37912.575     0.999927        14612     13653.33
   38567.935     0.999939        14613     16384.00
   38567.935     1.000000        14613          inf
#[Mean    =      453.195, StdDeviation   =     2250.139]
#[Max     =    38535.168, Total count    =        14613]
#[Buckets =           27, SubBuckets     =         2048]
-----------------------------------------------------------------------
  14961 requests in 5.00m, 4.05MB read
  Socket errors: connect 0, read 0, write 0, timeout 5451
  Non-2xx or 3xx responses: 88
Requests/sec:     49.86  
Transfer/sec:     13.82KB
