Running 1m test @ http://nginx-thrift.social-network.svc.cluster.local:8080/wrk2-api/post/compose
  2 threads and 100 connections

  Thread calibration: mean lat.: 1447.362ms, rate sampling interval: 3913ms
  Thread calibration: mean lat.: 1411.724ms, rate sampling interval: 3684ms

-----------------------------------------------------------------------
Test Results @ http://nginx-thrift.social-network.svc.cluster.local:8080/wrk2-api/post/compose 
  Thread Stats   Avg      Stdev     99%   +/- Stdev
    Latency     1.02s   709.16ms   3.96s    87.37%
    Req/Sec    75.16     10.37    90.00     80.00%
  Latency Distribution (HdrHistogram - Recorded Latency)
 50.000%  758.78ms
 75.000%    1.21s 
 90.000%    1.89s 
 99.000%    3.96s 
 99.900%    6.94s 
 99.990%    7.43s 
 99.999%    7.57s 
100.000%    7.57s 

  Detailed Percentile spectrum:
       Value   Percentile   TotalCount 1/(1-Percentile)

      16.311     0.000000            1         1.00
     501.759     0.100000          755         1.11
     566.271     0.200000         1508         1.25
     623.103     0.300000         2263         1.43
     686.591     0.400000         3015         1.67
     758.783     0.500000         3772         2.00
     808.959     0.550000         4140         2.22
     881.151     0.600000         4518         2.50
     976.383     0.650000         4895         2.86
    1078.271     0.700000         5269         3.33
    1207.295     0.750000         5646         4.00
    1306.623     0.775000         5835         4.44
    1405.951     0.800000         6023         5.00
    1486.847     0.825000         6215         5.71
    1596.415     0.850000         6398         6.67
    1718.271     0.875000         6587         8.00
    1818.623     0.887500         6681         8.89
    1889.279     0.900000         6775        10.00
    1970.175     0.912500         6872        11.43
    2025.471     0.925000         6963        13.33
    2068.479     0.937500         7058        16.00
    2101.247     0.943750         7106        17.78
    2127.871     0.950000         7152        20.00
    2170.879     0.956250         7198        22.86
    2230.271     0.962500         7245        26.67
    2365.439     0.968750         7292        32.00
    2510.847     0.971875         7316        35.56
    2664.447     0.975000         7342        40.00
    2758.655     0.978125         7363        45.71
    2973.695     0.981250         7386        53.33
    3248.127     0.984375         7410        64.00
    3391.487     0.985938         7422        71.11
    3557.375     0.987500         7433        80.00
    3784.703     0.989062         7445        91.43
    4059.135     0.990625         7457       106.67
    4239.359     0.992188         7470       128.00
    4485.119     0.992969         7475       142.22
    4820.991     0.993750         7480       160.00
    5087.231     0.994531         7486       182.86
    5283.839     0.995313         7492       213.33
    5562.367     0.996094         7498       256.00
    5713.919     0.996484         7501       284.44
    5939.199     0.996875         7504       320.00
    6221.823     0.997266         7507       365.71
    6287.359     0.997656         7510       426.67
    6414.335     0.998047         7513       512.00
    6430.719     0.998242         7514       568.89
    6561.791     0.998437         7516       640.00
    6602.751     0.998633         7517       731.43
    6938.623     0.998828         7519       853.33
    6963.199     0.999023         7520      1024.00
    7110.655     0.999121         7521      1137.78
    7196.671     0.999219         7522      1280.00
    7196.671     0.999316         7522      1462.86
    7237.631     0.999414         7523      1706.67
    7376.895     0.999512         7524      2048.00
    7376.895     0.999561         7524      2275.56
    7421.951     0.999609         7525      2560.00
    7421.951     0.999658         7525      2925.71
    7421.951     0.999707         7525      3413.33
    7434.239     0.999756         7526      4096.00
    7434.239     0.999780         7526      4551.11
    7434.239     0.999805         7526      5120.00
    7434.239     0.999829         7526      5851.43
    7434.239     0.999854         7526      6826.67
    7573.503     0.999878         7527      8192.00
    7573.503     1.000000         7527          inf
#[Mean    =     1017.842, StdDeviation   =      709.160]
#[Max     =     7569.408, Total count    =         7527]
#[Buckets =           27, SubBuckets     =         2048]
-----------------------------------------------------------------------
  8804 requests in 1.00m, 2.52MB read
  Non-2xx or 3xx responses: 43
Requests/sec:    146.69  
Transfer/sec:     42.99KB
