Running 1m test @ http://nginx-thrift.social-network.svc.cluster.local:8080/wrk2-api/post/compose
  2 threads and 100 connections

  Thread calibration: mean lat.: 4680.760ms, rate sampling interval: 16015ms
  Thread calibration: mean lat.: 4696.309ms, rate sampling interval: 16031ms

-----------------------------------------------------------------------
Test Results @ http://nginx-thrift.social-network.svc.cluster.local:8080/wrk2-api/post/compose 
  Thread Stats   Avg      Stdev     99%   +/- Stdev
    Latency    31.56s    13.02s    0.89m    57.41%
    Req/Sec    76.00      3.37    81.00     83.33%
  Latency Distribution (HdrHistogram - Recorded Latency)
 50.000%   31.65s 
 75.000%   43.12s 
 90.000%   49.18s 
 99.000%    0.89m 
 99.900%    0.89m 
 99.990%    0.90m 
 99.999%    0.90m 
100.000%    0.90m 

  Detailed Percentile spectrum:
       Value   Percentile   TotalCount 1/(1-Percentile)

    8757.247     0.000000            2         1.00
   12812.287     0.100000          769         1.11
   18137.087     0.200000         1538         1.25
   22560.767     0.300000         2304         1.43
   27082.751     0.400000         3071         1.67
   31653.887     0.500000         3839         2.00
   34603.007     0.550000         4225         2.22
   36601.855     0.600000         4612         2.50
   38633.471     0.650000         4992         2.86
   40599.551     0.700000         5381         3.33
   43122.687     0.750000         5758         4.00
   44204.031     0.775000         5957         4.44
   45121.535     0.800000         6142         5.00
   46039.039     0.825000         6339         5.71
   47349.759     0.850000         6533         6.67
   48332.799     0.875000         6723         8.00
   48758.783     0.887500         6821         8.89
   49184.767     0.900000         6914        10.00
   49610.751     0.912500         7014        11.43
   49971.199     0.925000         7102        13.33
   50397.183     0.937500         7205        16.00
   50593.791     0.943750         7248        17.78
   50855.935     0.950000         7295        20.00
   51150.847     0.956250         7342        22.86
   52297.727     0.962500         7390        26.67
   52559.871     0.968750         7442        32.00
   52658.175     0.971875         7467        35.56
   52756.479     0.975000         7488        40.00
   52887.551     0.978125         7515        45.71
   52953.087     0.981250         7534        53.33
   53084.159     0.984375         7559        64.00
   53149.695     0.985938         7579        71.11
   53182.463     0.987500         7585        80.00
   53215.231     0.989062         7595        91.43
   53247.999     0.990625         7607       106.67
   53313.535     0.992188         7622       128.00
   53346.303     0.992969         7625       142.22
   53379.071     0.993750         7633       160.00
   53411.839     0.994531         7638       182.86
   53477.375     0.995313         7650       213.33
   53477.375     0.996094         7650       256.00
   53510.143     0.996484         7654       284.44
   53510.143     0.996875         7654       320.00
   53542.911     0.997266         7659       365.71
   53575.679     0.997656         7662       426.67
   53608.447     0.998047         7665       512.00
   53608.447     0.998242         7665       568.89
   53641.215     0.998437         7668       640.00
   53641.215     0.998633         7668       731.43
   53673.983     0.998828         7672       853.33
   53673.983     0.999023         7672      1024.00
   53673.983     0.999121         7672      1137.78
   53673.983     0.999219         7672      1280.00
   53673.983     0.999316         7672      1462.86
   53706.751     0.999414         7675      1706.67
   53706.751     0.999512         7675      2048.00
   53706.751     0.999561         7675      2275.56
   53706.751     0.999609         7675      2560.00
   53706.751     0.999658         7675      2925.71
   53706.751     0.999707         7675      3413.33
   53739.519     0.999756         7676      4096.00
   53739.519     0.999780         7676      4551.11
   53739.519     0.999805         7676      5120.00
   53739.519     0.999829         7676      5851.43
   53739.519     0.999854         7676      6826.67
   53772.287     0.999878         7677      8192.00
   53772.287     1.000000         7677          inf
#[Mean    =    31558.129, StdDeviation   =    13022.213]
#[Max     =    53739.520, Total count    =         7677]
#[Buckets =           27, SubBuckets     =         2048]
-----------------------------------------------------------------------
  9003 requests in 1.00m, 2.58MB read
  Non-2xx or 3xx responses: 105
Requests/sec:    150.01  
Transfer/sec:     43.98KB
