Running 1m test @ http://nginx-thrift.social-network.svc.cluster.local:8080/wrk2-api/post/compose
  2 threads and 100 connections

  Thread calibration: mean lat.: 3636.874ms, rate sampling interval: 12378ms
  Thread calibration: mean lat.: 3647.209ms, rate sampling interval: 12484ms

-----------------------------------------------------------------------
Test Results @ http://nginx-thrift.social-network.svc.cluster.local:8080/wrk2-api/post/compose 
  Thread Stats   Avg      Stdev     99%   +/- Stdev
    Latency    23.39s     9.62s   41.94s    58.88%
    Req/Sec    73.50     12.86    89.00     50.00%
  Latency Distribution (HdrHistogram - Recorded Latency)
 50.000%   24.22s 
 75.000%   30.46s 
 90.000%   36.34s 
 99.000%   41.94s 
 99.900%   43.09s 
 99.990%   43.68s 
 99.999%   44.24s 
100.000%   44.24s 

  Detailed Percentile spectrum:
       Value   Percentile   TotalCount 1/(1-Percentile)

    5865.471     0.000000            1         1.00
   10158.079     0.100000          742         1.11
   12902.399     0.200000         1483         1.25
   16793.599     0.300000         2226         1.43
   20578.303     0.400000         2967         1.67
   24215.551     0.500000         3705         2.00
   25477.119     0.550000         4081         2.22
   26591.231     0.600000         4449         2.50
   27967.487     0.650000         4819         2.86
   29212.671     0.700000         5190         3.33
   30457.855     0.750000         5562         4.00
   31080.447     0.775000         5745         4.44
   31866.879     0.800000         5929         5.00
   33652.735     0.825000         6119         5.71
   34537.471     0.850000         6301         6.67
   35323.903     0.875000         6489         8.00
   35749.887     0.887500         6578         8.89
   36339.711     0.900000         6669        10.00
   37257.215     0.912500         6763        11.43
   38666.239     0.925000         6861        13.33
   39157.759     0.937500         6951        16.00
   39387.135     0.943750         7001        17.78
   39583.743     0.950000         7042        20.00
   39780.351     0.956250         7088        22.86
   40042.495     0.962500         7143        26.67
   40173.567     0.968750         7184        32.00
   40337.407     0.971875         7204        35.56
   40468.479     0.975000         7236        40.00
   40566.783     0.978125         7249        45.71
   40763.391     0.981250         7275        53.33
   41058.303     0.984375         7297        64.00
   41222.143     0.985938         7306        71.11
   41680.895     0.987500         7320        80.00
   41877.503     0.989062         7334        91.43
   42041.343     0.990625         7341       106.67
   42205.183     0.992188         7353       128.00
   42336.255     0.992969         7359       142.22
   42434.559     0.993750         7365       160.00
   42467.327     0.994531         7373       182.86
   42500.095     0.995313         7376       213.33
   42598.399     0.996094         7382       256.00
   42631.167     0.996484         7384       284.44
   42663.935     0.996875         7387       320.00
   42696.703     0.997266         7390       365.71
   42762.239     0.997656         7396       426.67
   42762.239     0.998047         7396       512.00
   42827.775     0.998242         7397       568.89
   42860.543     0.998437         7399       640.00
   42958.847     0.998633         7401       731.43
   43024.383     0.998828         7402       853.33
   43089.919     0.999023         7403      1024.00
   43155.455     0.999121         7404      1137.78
   43253.759     0.999219         7405      1280.00
   43253.759     0.999316         7405      1462.86
   43286.527     0.999414         7406      1706.67
   43450.367     0.999512         7407      2048.00
   43450.367     0.999561         7407      2275.56
   43581.439     0.999609         7408      2560.00
   43581.439     0.999658         7408      2925.71
   43581.439     0.999707         7408      3413.33
   43679.743     0.999756         7409      4096.00
   43679.743     0.999780         7409      4551.11
   43679.743     0.999805         7409      5120.00
   43679.743     0.999829         7409      5851.43
   43679.743     0.999854         7409      6826.67
   44236.799     0.999878         7410      8192.00
   44236.799     1.000000         7410          inf
#[Mean    =    23394.673, StdDeviation   =     9615.255]
#[Max     =    44204.032, Total count    =         7410]
#[Buckets =           27, SubBuckets     =         2048]
-----------------------------------------------------------------------
  8674 requests in 1.00m, 2.48MB read
  Non-2xx or 3xx responses: 103
Requests/sec:    144.44  
Transfer/sec:     42.35KB
