Running 1m test @ http://nginx-thrift.social-network.svc.cluster.local:8080/wrk2-api/post/compose
  2 threads and 100 connections

  Thread calibration: mean lat.: 3763.013ms, rate sampling interval: 9486ms
  Thread calibration: mean lat.: 3134.304ms, rate sampling interval: 8294ms

-----------------------------------------------------------------------
Test Results @ http://nginx-thrift.social-network.svc.cluster.local:8080/wrk2-api/post/compose 
  Thread Stats   Avg      Stdev     99%   +/- Stdev
    Latency   903.59ms  860.03ms   4.56s    90.53%
    Req/Sec    26.09      3.70    34.00     72.73%
  Latency Distribution (HdrHistogram - Recorded Latency)
 50.000%  626.17ms
 75.000%  796.67ms
 90.000%    1.46s 
 99.000%    4.56s 
 99.900%    6.71s 
 99.990%    7.74s 
 99.999%    7.74s 
100.000%    7.74s 

  Detailed Percentile spectrum:
       Value   Percentile   TotalCount 1/(1-Percentile)

      19.503     0.000000            1         1.00
     481.535     0.100000          268         1.11
     524.031     0.200000          536         1.25
     554.495     0.300000          807         1.43
     589.311     0.400000         1069         1.67
     626.175     0.500000         1342         2.00
     641.023     0.550000         1470         2.22
     666.623     0.600000         1605         2.50
     710.655     0.650000         1738         2.86
     748.543     0.700000         1871         3.33
     796.671     0.750000         2004         4.00
     829.439     0.775000         2071         4.44
     863.743     0.800000         2138         5.00
     903.679     0.825000         2205         5.71
    1027.071     0.850000         2272         6.67
    1130.495     0.875000         2340         8.00
    1239.039     0.887500         2372         8.89
    1458.175     0.900000         2405        10.00
    2025.471     0.912500         2440        11.43
    2416.639     0.925000         2472        13.33
    2725.887     0.937500         2505        16.00
    2906.111     0.943750         2522        17.78
    3057.663     0.950000         2539        20.00
    3297.279     0.956250         2556        22.86
    3549.183     0.962500         2572        26.67
    3676.159     0.968750         2589        32.00
    3753.983     0.971875         2597        35.56
    3776.511     0.975000         2606        40.00
    3856.383     0.978125         2615        45.71
    3969.023     0.981250         2622        53.33
    4136.959     0.984375         2631        64.00
    4345.855     0.985938         2635        71.11
    4440.063     0.987500         2639        80.00
    4509.695     0.989062         2643        91.43
    4583.423     0.990625         2647       106.67
    4825.087     0.992188         2652       128.00
    4874.239     0.992969         2654       142.22
    4935.679     0.993750         2657       160.00
    5021.695     0.994531         2658       182.86
    5062.655     0.995313         2660       213.33
    5398.527     0.996094         2662       256.00
    5427.199     0.996484         2663       284.44
    5570.559     0.996875         2664       320.00
    5648.383     0.997266         2665       365.71
    5672.959     0.997656         2666       426.67
    5828.607     0.998047         2667       512.00
    6365.183     0.998242         2668       568.89
    6365.183     0.998437         2668       640.00
    6713.343     0.998633         2669       731.43
    6713.343     0.998828         2669       853.33
    6987.775     0.999023         2670      1024.00
    6987.775     0.999121         2670      1137.78
    6987.775     0.999219         2670      1280.00
    7593.983     0.999316         2671      1462.86
    7593.983     0.999414         2671      1706.67
    7593.983     0.999512         2671      2048.00
    7593.983     0.999561         2671      2275.56
    7593.983     0.999609         2671      2560.00
    7737.343     0.999658         2672      2925.71
    7737.343     1.000000         2672          inf
#[Mean    =      903.588, StdDeviation   =      860.026]
#[Max     =     7733.248, Total count    =         2672]
#[Buckets =           27, SubBuckets     =         2048]
-----------------------------------------------------------------------
  2900 requests in 1.00m, 850.52KB read
  Socket errors: connect 0, read 0, write 0, timeout 55
  Non-2xx or 3xx responses: 36
Requests/sec:     48.28  
Transfer/sec:     14.16KB
