Running 1m test @ http://nginx-thrift.social-network.svc.cluster.local:8080/wrk2-api/post/compose
  2 threads and 100 connections

  Thread calibration: mean lat.: 4541.820ms, rate sampling interval: 14426ms
  Thread calibration: mean lat.: 4469.201ms, rate sampling interval: 14385ms

-----------------------------------------------------------------------
Test Results @ http://nginx-thrift.social-network.svc.cluster.local:8080/wrk2-api/post/compose 
  Thread Stats   Avg      Stdev     99%   +/- Stdev
    Latency    27.39s    11.70s   46.30s    54.31%
    Req/Sec    62.33      2.49    65.00    100.00%
  Latency Distribution (HdrHistogram - Recorded Latency)
 50.000%   26.21s 
 75.000%   38.99s 
 90.000%   43.09s 
 99.000%   46.30s 
 99.900%   46.73s 
 99.990%   47.61s 
 99.999%   47.91s 
100.000%   47.91s 

  Detailed Percentile spectrum:
       Value   Percentile   TotalCount 1/(1-Percentile)

    7221.247     0.000000            1         1.00
   11182.079     0.100000          648         1.11
   14843.903     0.200000         1296         1.25
   19759.103     0.300000         1947         1.43
   22937.599     0.400000         2594         1.67
   26214.399     0.500000         3242         2.00
   28704.767     0.550000         3565         2.22
   31375.359     0.600000         3890         2.50
   32948.223     0.650000         4215         2.86
   37289.983     0.700000         4539         3.33
   38993.919     0.750000         4871         4.00
   39550.975     0.775000         5025         4.44
   40435.711     0.800000         5184         5.00
   41123.839     0.825000         5351         5.71
   41779.199     0.850000         5509         6.67
   42369.023     0.875000         5672         8.00
   42762.239     0.887500         5756         8.89
   43089.919     0.900000         5835        10.00
   43450.367     0.912500         5917        11.43
   43843.583     0.925000         5995        13.33
   44498.943     0.937500         6078        16.00
   44695.551     0.943750         6121        17.78
   44859.391     0.950000         6161        20.00
   45088.767     0.956250         6199        22.86
   45350.911     0.962500         6238        26.67
   45613.055     0.968750         6282        32.00
   45744.127     0.971875         6300        35.56
   45809.663     0.975000         6319        40.00
   45940.735     0.978125         6340        45.71
   46006.271     0.981250         6358        53.33
   46137.343     0.984375         6387        64.00
   46170.111     0.985938         6397        71.11
   46202.879     0.987500         6401        80.00
   46268.415     0.989062         6409        91.43
   46301.183     0.990625         6421       106.67
   46366.719     0.992188         6433       128.00
   46399.487     0.992969         6437       142.22
   46465.023     0.993750         6446       160.00
   46465.023     0.994531         6446       182.86
   46497.791     0.995313         6449       213.33
   46530.559     0.996094         6454       256.00
   46596.095     0.996484         6460       284.44
   46596.095     0.996875         6460       320.00
   46628.863     0.997266         6465       365.71
   46628.863     0.997656         6465       426.67
   46694.399     0.998047         6470       512.00
   46694.399     0.998242         6470       568.89
   46694.399     0.998437         6470       640.00
   46727.167     0.998633         6473       731.43
   46727.167     0.998828         6473       853.33
   46727.167     0.999023         6473      1024.00
   46825.471     0.999121         6474      1137.78
   46825.471     0.999219         6474      1280.00
   46858.239     0.999316         6475      1462.86
   47218.687     0.999414         6476      1706.67
   47218.687     0.999512         6476      2048.00
   47448.063     0.999561         6477      2275.56
   47448.063     0.999609         6477      2560.00
   47448.063     0.999658         6477      2925.71
   47611.903     0.999707         6478      3413.33
   47611.903     0.999756         6478      4096.00
   47611.903     0.999780         6478      4551.11
   47611.903     0.999805         6478      5120.00
   47611.903     0.999829         6478      5851.43
   47906.815     0.999854         6479      6826.67
   47906.815     1.000000         6479          inf
#[Mean    =    27385.049, StdDeviation   =    11701.328]
#[Max     =    47874.048, Total count    =         6479]
#[Buckets =           27, SubBuckets     =         2048]
-----------------------------------------------------------------------
  7455 requests in 1.00m, 2.14MB read
  Non-2xx or 3xx responses: 121
Requests/sec:    124.14  
Transfer/sec:     36.42KB
