Running 1m test @ http://nginx-thrift.social-network.svc.cluster.local:8080/wrk2-api/post/compose
  2 threads and 100 connections

  Thread calibration: mean lat.: 4829.092ms, rate sampling interval: 16769ms
  Thread calibration: mean lat.: 4809.056ms, rate sampling interval: 16646ms

-----------------------------------------------------------------------
Test Results @ http://nginx-thrift.social-network.svc.cluster.local:8080/wrk2-api/post/compose 
  Thread Stats   Avg      Stdev     99%   +/- Stdev
    Latency    29.23s    12.81s   50.82s    59.98%
    Req/Sec    62.40     11.36    75.00     40.00%
  Latency Distribution (HdrHistogram - Recorded Latency)
 50.000%   28.77s 
 75.000%   40.44s 
 90.000%   47.32s 
 99.000%   50.82s 
 99.900%    0.86m 
 99.990%    0.86m 
 99.999%    0.86m 
100.000%    0.86m 

  Detailed Percentile spectrum:
       Value   Percentile   TotalCount 1/(1-Percentile)

    8261.631     0.000000            1         1.00
   12681.215     0.100000          634         1.11
   16498.687     0.200000         1261         1.25
   18956.287     0.300000         1890         1.43
   22740.991     0.400000         2519         1.67
   28770.303     0.500000         3149         2.00
   32456.703     0.550000         3463         2.22
   33947.647     0.600000         3777         2.50
   36863.999     0.650000         4103         2.86
   39059.455     0.700000         4413         3.33
   40435.711     0.750000         4722         4.00
   41484.287     0.775000         4886         4.44
   42205.183     0.800000         5040         5.00
   43548.671     0.825000         5197         5.71
   45514.751     0.850000         5355         6.67
   46497.791     0.875000         5515         8.00
   46923.775     0.887500         5595         8.89
   47316.991     0.900000         5670        10.00
   47808.511     0.912500         5752        11.43
   48267.263     0.925000         5825        13.33
   48660.479     0.937500         5903        16.00
   48955.391     0.943750         5942        17.78
   49184.767     0.950000         5981        20.00
   49446.911     0.956250         6022        22.86
   49774.591     0.962500         6063        26.67
   49971.199     0.968750         6099        32.00
   50102.271     0.971875         6119        35.56
   50298.879     0.975000         6140        40.00
   50364.415     0.978125         6161        45.71
   50462.719     0.981250         6180        53.33
   50626.559     0.984375         6201        64.00
   50692.095     0.985938         6216        71.11
   50724.863     0.987500         6222        80.00
   50790.399     0.989062         6229        91.43
   50855.935     0.990625         6240       106.67
   50954.239     0.992188         6252       128.00
   50954.239     0.992969         6252       142.22
   50987.007     0.993750         6263       160.00
   50987.007     0.994531         6263       182.86
   51052.543     0.995313         6267       213.33
   51085.311     0.996094         6272       256.00
   51118.079     0.996484         6273       284.44
   51183.615     0.996875         6276       320.00
   51216.383     0.997266         6281       365.71
   51216.383     0.997656         6281       426.67
   51314.687     0.998047         6283       512.00
   51347.455     0.998242         6286       568.89
   51347.455     0.998437         6286       640.00
   51380.223     0.998633         6288       731.43
   51380.223     0.998828         6288       853.33
   51412.991     0.999023         6292      1024.00
   51412.991     0.999121         6292      1137.78
   51412.991     0.999219         6292      1280.00
   51412.991     0.999316         6292      1462.86
   51412.991     0.999414         6292      1706.67
   51412.991     0.999512         6292      2048.00
   51544.063     0.999561         6293      2275.56
   51544.063     0.999609         6293      2560.00
   51544.063     0.999658         6293      2925.71
   51576.831     0.999707         6294      3413.33
   51576.831     0.999756         6294      4096.00
   51576.831     0.999780         6294      4551.11
   51576.831     0.999805         6294      5120.00
   51576.831     0.999829         6294      5851.43
   51642.367     0.999854         6295      6826.67
   51642.367     1.000000         6295          inf
#[Mean    =    29233.302, StdDeviation   =    12805.183]
#[Max     =    51609.600, Total count    =         6295]
#[Buckets =           27, SubBuckets     =         2048]
-----------------------------------------------------------------------
  7158 requests in 1.00m, 2.05MB read
  Non-2xx or 3xx responses: 80
Requests/sec:    119.30  
Transfer/sec:     35.00KB
