Running 1m test @ http://nginx-thrift.social-network.svc.cluster.local:8080/wrk2-api/post/compose
  2 threads and 100 connections

  Thread calibration: mean lat.: 4723.600ms, rate sampling interval: 15532ms
  Thread calibration: mean lat.: 4712.262ms, rate sampling interval: 15368ms

-----------------------------------------------------------------------
Test Results @ http://nginx-thrift.social-network.svc.cluster.local:8080/wrk2-api/post/compose 
  Thread Stats   Avg      Stdev     99%   +/- Stdev
    Latency    29.87s    11.96s   50.46s    60.96%
    Req/Sec    70.17      5.73    78.00     66.67%
  Latency Distribution (HdrHistogram - Recorded Latency)
 50.000%   29.10s 
 75.000%   40.08s 
 90.000%   46.79s 
 99.000%   50.46s 
 99.900%   50.92s 
 99.990%    0.85m 
 99.999%    0.86m 
100.000%    0.86m 

  Detailed Percentile spectrum:
       Value   Percentile   TotalCount 1/(1-Percentile)

    8347.647     0.000000            1         1.00
   12746.751     0.100000          711         1.11
   18202.623     0.200000         1418         1.25
   22577.151     0.300000         2127         1.43
   25706.495     0.400000         2837         1.67
   29097.983     0.500000         3544         2.00
   31129.599     0.550000         3898         2.22
   33292.287     0.600000         4253         2.50
   35323.903     0.650000         4612         2.86
   38600.703     0.700000         4966         3.33
   40075.263     0.750000         5316         4.00
   40959.999     0.775000         5494         4.44
   41910.271     0.800000         5672         5.00
   43909.119     0.825000         5849         5.71
   44990.463     0.850000         6027         6.67
   45842.431     0.875000         6206         8.00
   46301.183     0.887500         6291         8.89
   46792.703     0.900000         6381        10.00
   47284.223     0.912500         6472        11.43
   47742.975     0.925000         6556        13.33
   48168.959     0.937500         6649        16.00
   48463.871     0.943750         6691        17.78
   48660.479     0.950000         6733        20.00
   49020.927     0.956250         6781        22.86
   49348.607     0.962500         6824        26.67
   49676.287     0.968750         6870        32.00
   49840.127     0.971875         6901        35.56
   49938.431     0.975000         6917        40.00
   50036.735     0.978125         6941        45.71
   50135.039     0.981250         6959        53.33
   50233.343     0.984375         6979        64.00
   50266.111     0.985938         6988        71.11
   50331.647     0.987500         7001        80.00
   50397.183     0.989062         7013        91.43
   50462.719     0.990625         7021       106.67
   50528.255     0.992188         7037       128.00
   50561.023     0.992969         7044       142.22
   50561.023     0.993750         7044       160.00
   50626.559     0.994531         7050       182.86
   50659.327     0.995313         7054       213.33
   50724.863     0.996094         7064       256.00
   50724.863     0.996484         7064       284.44
   50757.631     0.996875         7065       320.00
   50790.399     0.997266         7070       365.71
   50823.167     0.997656         7072       426.67
   50855.935     0.998047         7074       512.00
   50888.703     0.998242         7077       568.89
   50888.703     0.998437         7077       640.00
   50921.471     0.998633         7080       731.43
   50921.471     0.998828         7080       853.33
   50987.007     0.999023         7081      1024.00
   50987.007     0.999121         7081      1137.78
   51019.775     0.999219         7082      1280.00
   51118.079     0.999316         7083      1462.86
   51118.079     0.999414         7083      1706.67
   51150.847     0.999512         7084      2048.00
   51150.847     0.999561         7084      2275.56
   51183.615     0.999609         7085      2560.00
   51183.615     0.999658         7085      2925.71
   51183.615     0.999707         7085      3413.33
   51281.919     0.999756         7086      4096.00
   51281.919     0.999780         7086      4551.11
   51281.919     0.999805         7086      5120.00
   51281.919     0.999829         7086      5851.43
   51281.919     0.999854         7086      6826.67
   51445.759     0.999878         7087      8192.00
   51445.759     1.000000         7087          inf
#[Mean    =    29871.307, StdDeviation   =    11963.642]
#[Max     =    51412.992, Total count    =         7087]
#[Buckets =           27, SubBuckets     =         2048]
-----------------------------------------------------------------------
  8264 requests in 1.00m, 2.37MB read
  Non-2xx or 3xx responses: 46
Requests/sec:    137.61  
Transfer/sec:     40.34KB
