Running 1m test @ http://nginx-thrift.social-network.svc.cluster.local:8080/wrk2-api/post/compose
  2 threads and 100 connections

  Thread calibration: mean lat.: 4741.971ms, rate sampling interval: 15597ms
  Thread calibration: mean lat.: 4746.568ms, rate sampling interval: 15597ms

-----------------------------------------------------------------------
Test Results @ http://nginx-thrift.social-network.svc.cluster.local:8080/wrk2-api/post/compose 
  Thread Stats   Avg      Stdev     99%   +/- Stdev
    Latency    30.71s    12.63s    0.86m    57.91%
    Req/Sec    79.17      8.33    88.00     66.67%
  Latency Distribution (HdrHistogram - Recorded Latency)
 50.000%   32.57s 
 75.000%   41.42s 
 90.000%   46.99s 
 99.000%    0.86m 
 99.900%    0.87m 
 99.990%    0.87m 
 99.999%    0.88m 
100.000%    0.88m 

  Detailed Percentile spectrum:
       Value   Percentile   TotalCount 1/(1-Percentile)

    8437.759     0.000000            1         1.00
   12951.551     0.100000          799         1.11
   17252.351     0.200000         1598         1.25
   21053.439     0.300000         2396         1.43
   27000.831     0.400000         3194         1.67
   32571.391     0.500000         3994         2.00
   34439.167     0.550000         4402         2.22
   36306.943     0.600000         4790         2.50
   37945.343     0.650000         5192         2.86
   39747.583     0.700000         5594         3.33
   41418.751     0.750000         5994         4.00
   42336.255     0.775000         6192         4.44
   43188.223     0.800000         6387         5.00
   44007.423     0.825000         6592         5.71
   45055.999     0.850000         6785         6.67
   46006.271     0.875000         6988         8.00
   46432.255     0.887500         7089         8.89
   46989.311     0.900000         7183        10.00
   47644.671     0.912500         7284        11.43
   48660.479     0.925000         7390        13.33
   49414.143     0.937500         7487        16.00
   49807.359     0.943750         7535        17.78
   50003.967     0.950000         7586        20.00
   50233.343     0.956250         7637        22.86
   50429.951     0.962500         7688        26.67
   50757.631     0.968750         7734        32.00
   50888.703     0.971875         7758        35.56
   50987.007     0.975000         7783        40.00
   51085.311     0.978125         7811        45.71
   51216.383     0.981250         7833        53.33
   51347.455     0.984375         7861        64.00
   51412.991     0.985938         7873        71.11
   51478.527     0.987500         7885        80.00
   51576.831     0.989062         7896        91.43
   51642.367     0.990625         7910       106.67
   51675.135     0.992188         7919       128.00
   51707.903     0.992969         7925       142.22
   51773.439     0.993750         7940       160.00
   51773.439     0.994531         7940       182.86
   51806.207     0.995313         7945       213.33
   51871.743     0.996094         7952       256.00
   51904.511     0.996484         7957       284.44
   51904.511     0.996875         7957       320.00
   51937.279     0.997266         7963       365.71
   51937.279     0.997656         7963       426.67
   52002.815     0.998047         7974       512.00
   52002.815     0.998242         7974       568.89
   52002.815     0.998437         7974       640.00
   52002.815     0.998633         7974       731.43
   52002.815     0.998828         7974       853.33
   52002.815     0.999023         7974      1024.00
   52002.815     0.999121         7974      1137.78
   52068.351     0.999219         7978      1280.00
   52068.351     0.999316         7978      1462.86
   52068.351     0.999414         7978      1706.67
   52068.351     0.999512         7978      2048.00
   52068.351     0.999561         7978      2275.56
   52068.351     0.999609         7978      2560.00
   52166.655     0.999658         7979      2925.71
   52166.655     0.999707         7979      3413.33
   52199.423     0.999756         7980      4096.00
   52199.423     0.999780         7980      4551.11
   52199.423     0.999805         7980      5120.00
   52199.423     0.999829         7980      5851.43
   52199.423     0.999854         7980      6826.67
   52592.639     0.999878         7981      8192.00
   52592.639     1.000000         7981          inf
#[Mean    =    30712.572, StdDeviation   =    12633.483]
#[Max     =    52559.872, Total count    =         7981]
#[Buckets =           27, SubBuckets     =         2048]
-----------------------------------------------------------------------
  9611 requests in 1.00m, 2.75MB read
  Non-2xx or 3xx responses: 16
Requests/sec:    160.18  
Transfer/sec:     46.94KB
