Running 1m test @ http://nginx-thrift.social-network.svc.cluster.local:8080/wrk2-api/home-timeline/read
  2 threads and 100 connections

  Thread calibration: mean lat.: 3372.006ms, rate sampling interval: 11968ms
  Thread calibration: mean lat.: 3351.884ms, rate sampling interval: 11886ms

-----------------------------------------------------------------------
Test Results @ http://nginx-thrift.social-network.svc.cluster.local:8080/wrk2-api/home-timeline/read 
  Thread Stats   Avg      Stdev     99%   +/- Stdev
    Latency    21.70s     8.84s   39.81s    60.35%
    Req/Sec   198.62      4.77   205.00     75.00%
  Latency Distribution (HdrHistogram - Recorded Latency)
 50.000%   21.61s 
 75.000%   28.85s 
 90.000%   33.46s 
 99.000%   39.81s 
 99.900%   43.29s 
 99.990%   46.17s 
 99.999%   46.43s 
100.000%   46.43s 

  Detailed Percentile spectrum:
       Value   Percentile   TotalCount 1/(1-Percentile)

    6139.903     0.000000            1         1.00
    9666.559     0.100000         1997         1.11
   12730.367     0.200000         3983         1.25
   15736.831     0.300000         5976         1.43
   18726.911     0.400000         7967         1.67
   21610.495     0.500000         9961         2.00
   23134.207     0.550000        10952         2.22
   24543.231     0.600000        11956         2.50
   25968.639     0.650000        12946         2.86
   27426.815     0.700000        13941         3.33
   28852.223     0.750000        14935         4.00
   29573.119     0.775000        15435         4.44
   30343.167     0.800000        15937         5.00
   31096.831     0.825000        16431         5.71
   31932.415     0.850000        16934         6.67
   32718.847     0.875000        17428         8.00
   33079.295     0.887500        17676         8.89
   33456.127     0.900000        17924        10.00
   33849.343     0.912500        18177        11.43
   34275.327     0.925000        18427        13.33
   34897.919     0.937500        18668        16.00
   35422.207     0.943750        18797        17.78
   35979.263     0.950000        18926        20.00
   36438.015     0.956250        19046        22.86
   36929.535     0.962500        19167        26.67
   37388.287     0.968750        19290        32.00
   37617.663     0.971875        19354        35.56
   37847.039     0.975000        19418        40.00
   38076.415     0.978125        19478        45.71
   38338.559     0.981250        19547        53.33
   38600.703     0.984375        19608        64.00
   38731.775     0.985938        19634        71.11
   38928.383     0.987500        19664        80.00
   39354.367     0.989062        19697        91.43
   40206.335     0.990625        19726       106.67
   40927.231     0.992188        19758       128.00
   41156.607     0.992969        19772       142.22
   41418.751     0.993750        19788       160.00
   41615.359     0.994531        19804       182.86
   41877.503     0.995313        19820       213.33
   42139.647     0.996094        19837       256.00
   42237.951     0.996484        19843       284.44
   42369.023     0.996875        19850       320.00
   42500.095     0.997266        19858       365.71
   42663.935     0.997656        19867       426.67
   42827.775     0.998047        19876       512.00
   42926.079     0.998242        19878       568.89
   42958.847     0.998437        19881       640.00
   43057.151     0.998633        19885       731.43
   43188.223     0.998828        19890       853.33
   43352.063     0.999023        19894      1024.00
   43483.135     0.999121        19896      1137.78
   43548.671     0.999219        19897      1280.00
   44728.319     0.999316        19899      1462.86
   45121.535     0.999414        19901      1706.67
   45350.911     0.999512        19903      2048.00
   45449.215     0.999561        19904      2275.56
   45580.287     0.999609        19905      2560.00
   45678.591     0.999658        19906      2925.71
   45776.895     0.999707        19907      3413.33
   45875.199     0.999756        19908      4096.00
   45875.199     0.999780        19908      4551.11
   46006.271     0.999805        19909      5120.00
   46006.271     0.999829        19909      5851.43
   46170.111     0.999854        19910      6826.67
   46170.111     0.999878        19910      8192.00
   46170.111     0.999890        19910      9102.22
   46301.183     0.999902        19911     10240.00
   46301.183     0.999915        19911     11702.86
   46301.183     0.999927        19911     13653.33
   46301.183     0.999939        19911     16384.00
   46301.183     0.999945        19911     18204.44
   46432.255     0.999951        19912     20480.00
   46432.255     1.000000        19912          inf
#[Mean    =    21704.299, StdDeviation   =     8837.514]
#[Max     =    46399.488, Total count    =        19912]
#[Buckets =           27, SubBuckets     =         2048]
-----------------------------------------------------------------------
  22970 requests in 1.00m, 6.23MB read
  Non-2xx or 3xx responses: 139
Requests/sec:    382.81  
Transfer/sec:    106.32KB
