Running 1m test @ http://nginx-thrift.social-network.svc.cluster.local:8080/wrk2-api/home-timeline/read
  2 threads and 100 connections

  Thread calibration: mean lat.: 4097.730ms, rate sampling interval: 14827ms
  Thread calibration: mean lat.: 4196.465ms, rate sampling interval: 15015ms

-----------------------------------------------------------------------
Test Results @ http://nginx-thrift.social-network.svc.cluster.local:8080/wrk2-api/home-timeline/read 
  Thread Stats   Avg      Stdev     99%   +/- Stdev
    Latency    28.94s    11.70s   49.09s    58.04%
    Req/Sec   191.00      8.72   204.00     66.67%
  Latency Distribution (HdrHistogram - Recorded Latency)
 50.000%   29.31s 
 75.000%   39.19s 
 90.000%   44.63s 
 99.000%   49.09s 
 99.900%    0.86m 
 99.990%    0.88m 
 99.999%    0.89m 
100.000%    0.89m 

  Detailed Percentile spectrum:
       Value   Percentile   TotalCount 1/(1-Percentile)

    8069.119     0.000000            1         1.00
   12419.071     0.100000         1906         1.11
   16793.599     0.200000         3812         1.25
   21020.671     0.300000         5716         1.43
   25329.663     0.400000         7620         1.67
   29310.975     0.500000         9524         2.00
   31244.287     0.550000        10477         2.22
   33210.367     0.600000        11430         2.50
   35258.367     0.650000        12390         2.86
   37289.983     0.700000        13332         3.33
   39190.527     0.750000        14290         4.00
   40075.263     0.775000        14766         4.44
   40992.767     0.800000        15238         5.00
   41943.039     0.825000        15727         5.71
   42795.007     0.850000        16187         6.67
   43712.511     0.875000        16670         8.00
   44171.263     0.887500        16908         8.89
   44630.015     0.900000        17151        10.00
   45055.999     0.912500        17374        11.43
   45547.519     0.925000        17631        13.33
   46006.271     0.937500        17858        16.00
   46268.415     0.943750        17979        17.78
   46497.791     0.950000        18090        20.00
   46792.703     0.956250        18214        22.86
   47054.847     0.962500        18332        26.67
   47349.759     0.968750        18455        32.00
   47513.599     0.971875        18512        35.56
   47710.207     0.975000        18569        40.00
   47906.815     0.978125        18628        45.71
   48201.727     0.981250        18689        53.33
   48496.639     0.984375        18743        64.00
   48660.479     0.985938        18778        71.11
   48791.551     0.987500        18803        80.00
   48988.159     0.989062        18836        91.43
   49151.999     0.990625        18868       106.67
   49315.839     0.992188        18899       128.00
   49381.375     0.992969        18910       142.22
   49479.679     0.993750        18924       160.00
   49577.983     0.994531        18938       182.86
   49709.055     0.995313        18952       213.33
   49938.431     0.996094        18966       256.00
   50102.271     0.996484        18975       284.44
   50233.343     0.996875        18981       320.00
   50429.951     0.997266        18989       365.71
   50659.327     0.997656        18997       426.67
   50823.167     0.998047        19004       512.00
   50987.007     0.998242        19007       568.89
   51052.543     0.998437        19012       640.00
   51183.615     0.998633        19014       731.43
   51347.455     0.998828        19019       853.33
   51445.759     0.999023        19023      1024.00
   51511.295     0.999121        19024      1137.78
   51576.831     0.999219        19027      1280.00
   51576.831     0.999316        19027      1462.86
   51675.135     0.999414        19029      1706.67
   51806.207     0.999512        19031      2048.00
   52002.815     0.999561        19032      2275.56
   52166.655     0.999609        19033      2560.00
   52363.263     0.999658        19034      2925.71
   52527.103     0.999707        19035      3413.33
   52690.943     0.999756        19036      4096.00
   52690.943     0.999780        19036      4551.11
   52920.319     0.999805        19037      5120.00
   52920.319     0.999829        19037      5851.43
   53084.159     0.999854        19038      6826.67
   53084.159     0.999878        19038      8192.00
   53084.159     0.999890        19038      9102.22
   53280.767     0.999902        19039     10240.00
   53280.767     0.999915        19039     11702.86
   53280.767     0.999927        19039     13653.33
   53280.767     0.999939        19039     16384.00
   53280.767     0.999945        19039     18204.44
   53444.607     0.999951        19040     20480.00
   53444.607     1.000000        19040          inf
#[Mean    =    28940.676, StdDeviation   =    11695.071]
#[Max     =    53411.840, Total count    =        19040]
#[Buckets =           27, SubBuckets     =         2048]
-----------------------------------------------------------------------
  22113 requests in 1.00m, 6.00MB read
  Non-2xx or 3xx responses: 242
Requests/sec:    368.41  
Transfer/sec:    102.39KB
