Running 1m test @ http://nginx-thrift.social-network.svc.cluster.local:8080/wrk2-api/home-timeline/read
  2 threads and 100 connections

  Thread calibration: mean lat.: 1801.738ms, rate sampling interval: 6225ms
  Thread calibration: mean lat.: 1787.893ms, rate sampling interval: 6193ms

-----------------------------------------------------------------------
Test Results @ http://nginx-thrift.social-network.svc.cluster.local:8080/wrk2-api/home-timeline/read 
  Thread Stats   Avg      Stdev     99%   +/- Stdev
    Latency     8.29s     4.34s   24.49s    75.57%
    Req/Sec   202.81     11.07   218.00     81.25%
  Latency Distribution (HdrHistogram - Recorded Latency)
 50.000%    7.05s 
 75.000%    8.90s 
 90.000%   15.89s 
 99.000%   24.49s 
 99.900%   25.80s 
 99.990%   26.21s 
 99.999%   26.21s 
100.000%   26.21s 

  Detailed Percentile spectrum:
       Value   Percentile   TotalCount 1/(1-Percentile)

    1837.055     0.000000            1         1.00
    4263.935     0.100000         2037         1.11
    5173.247     0.200000         4062         1.25
    5832.703     0.300000         6102         1.43
    6430.719     0.400000         8136         1.67
    7053.311     0.500000        10157         2.00
    7385.087     0.550000        11177         2.22
    7733.247     0.600000        12184         2.50
    8077.311     0.650000        13213         2.86
    8454.143     0.700000        14223         3.33
    8904.703     0.750000        15242         4.00
    9265.151     0.775000        15745         4.44
    9781.247     0.800000        16246         5.00
   13066.239     0.825000        16754         5.71
   14172.159     0.850000        17264         6.67
   15179.775     0.875000        17769         8.00
   15532.031     0.887500        18021         8.89
   15892.479     0.900000        18281        10.00
   16244.735     0.912500        18529        11.43
   16629.759     0.925000        18786        13.33
   16941.055     0.937500        19050        16.00
   17088.511     0.943750        19177        17.78
   17252.351     0.950000        19293        20.00
   17399.807     0.956250        19420        22.86
   17596.415     0.962500        19552        26.67
   17825.791     0.968750        19672        32.00
   17989.631     0.971875        19734        35.56
   18251.775     0.975000        19798        40.00
   18513.919     0.978125        19862        45.71
   18677.759     0.981250        19928        53.33
   18874.367     0.984375        19993        64.00
   19038.207     0.985938        20020        71.11
   23724.031     0.987500        20053        80.00
   24363.007     0.989062        20083        91.43
   24641.535     0.990625        20116       106.67
   24854.527     0.992188        20147       128.00
   24952.831     0.992969        20164       142.22
   25067.519     0.993750        20181       160.00
   25133.055     0.994531        20194       182.86
   25247.743     0.995313        20211       213.33
   25329.663     0.996094        20226       256.00
   25378.815     0.996484        20234       284.44
   25427.967     0.996875        20244       320.00
   25477.119     0.997266        20250       365.71
   25591.807     0.997656        20261       426.67
   25608.191     0.998047        20266       512.00
   25657.343     0.998242        20273       568.89
   25673.727     0.998437        20274       640.00
   25739.263     0.998633        20279       731.43
   25772.031     0.998828        20282       853.33
   25821.183     0.999023        20286      1024.00
   25837.567     0.999121        20288      1137.78
   25886.719     0.999219        20290      1280.00
   25935.871     0.999316        20292      1462.86
   25985.023     0.999414        20294      1706.67
   26034.175     0.999512        20296      2048.00
   26083.327     0.999561        20297      2275.56
   26099.711     0.999609        20300      2560.00
   26099.711     0.999658        20300      2925.71
   26099.711     0.999707        20300      3413.33
   26148.863     0.999756        20301      4096.00
   26148.863     0.999780        20301      4551.11
   26165.247     0.999805        20302      5120.00
   26165.247     0.999829        20302      5851.43
   26214.399     0.999854        20305      6826.67
   26214.399     1.000000        20305          inf
#[Mean    =     8294.778, StdDeviation   =     4344.511]
#[Max     =    26198.016, Total count    =        20305]
#[Buckets =           27, SubBuckets     =         2048]
-----------------------------------------------------------------------
  23499 requests in 1.00m, 6.37MB read
  Non-2xx or 3xx responses: 219
Requests/sec:    391.57  
Transfer/sec:    108.76KB
