Running 1m test @ http://nginx-thrift.social-network.svc.cluster.local:8080/wrk2-api/post/compose
  2 threads and 100 connections

  Thread calibration: mean lat.: 3857.148ms, rate sampling interval: 12394ms
  Thread calibration: mean lat.: 3826.273ms, rate sampling interval: 12566ms

-----------------------------------------------------------------------
Test Results @ http://nginx-thrift.social-network.svc.cluster.local:8080/wrk2-api/post/compose 
  Thread Stats   Avg      Stdev     99%   +/- Stdev
    Latency    22.83s     8.45s   36.70s    61.25%
    Req/Sec    89.57      9.12   101.00     42.86%
  Latency Distribution (HdrHistogram - Recorded Latency)
 50.000%   23.86s 
 75.000%   29.98s 
 90.000%   34.05s 
 99.000%   36.70s 
 99.900%   37.42s 
 99.990%   38.31s 
 99.999%   38.60s 
100.000%   38.60s 

  Detailed Percentile spectrum:
       Value   Percentile   TotalCount 1/(1-Percentile)

    5631.999     0.000000            1         1.00
   10608.639     0.100000          904         1.11
   14614.527     0.200000         1804         1.25
   17285.119     0.300000         2708         1.43
   19988.479     0.400000         3611         1.67
   23855.103     0.500000         4511         2.00
   25149.439     0.550000         4966         2.22
   26312.703     0.600000         5416         2.50
   27525.119     0.650000         5867         2.86
   28803.071     0.700000         6319         3.33
   29982.719     0.750000         6771         4.00
   30588.927     0.775000         6992         4.44
   31211.519     0.800000         7217         5.00
   31817.727     0.825000         7453         5.71
   32456.703     0.850000         7671         6.67
   33210.367     0.875000         7897         8.00
   33619.967     0.887500         8007         8.89
   34045.951     0.900000         8122        10.00
   34406.399     0.912500         8236        11.43
   34766.847     0.925000         8349        13.33
   35094.527     0.937500         8462        16.00
   35291.135     0.943750         8522        17.78
   35422.207     0.950000         8577        20.00
   35618.815     0.956250         8638        22.86
   35782.655     0.962500         8690        26.67
   35946.495     0.968750         8740        32.00
   36044.799     0.971875         8767        35.56
   36143.103     0.975000         8807        40.00
   36241.407     0.978125         8825        45.71
   36306.943     0.981250         8852        53.33
   36438.015     0.984375         8884        64.00
   36503.551     0.985938         8898        71.11
   36536.319     0.987500         8908        80.00
   36634.623     0.989062         8923        91.43
   36732.927     0.990625         8940       106.67
   36798.463     0.992188         8951       128.00
   36863.999     0.992969         8959       142.22
   36896.767     0.993750         8964       160.00
   36962.303     0.994531         8973       182.86
   37027.839     0.995313         8981       213.33
   37093.375     0.996094         8992       256.00
   37093.375     0.996484         8992       284.44
   37093.375     0.996875         8992       320.00
   37224.447     0.997266         8998       365.71
   37257.215     0.997656         9003       426.67
   37257.215     0.998047         9003       512.00
   37289.983     0.998242         9005       568.89
   37322.751     0.998437         9008       640.00
   37322.751     0.998633         9008       731.43
   37421.055     0.998828         9011       853.33
   37486.591     0.999023         9013      1024.00
   37486.591     0.999121         9013      1137.78
   37486.591     0.999219         9013      1280.00
   37552.127     0.999316         9014      1462.86
   37650.431     0.999414         9016      1706.67
   37650.431     0.999512         9016      2048.00
   37683.199     0.999561         9017      2275.56
   37683.199     0.999609         9017      2560.00
   37683.199     0.999658         9017      2925.71
   38043.647     0.999707         9018      3413.33
   38043.647     0.999756         9018      4096.00
   38305.791     0.999780         9019      4551.11
   38305.791     0.999805         9019      5120.00
   38305.791     0.999829         9019      5851.43
   38305.791     0.999854         9019      6826.67
   38305.791     0.999878         9019      8192.00
   38600.703     0.999890         9020      9102.22
   38600.703     1.000000         9020          inf
#[Mean    =    22832.942, StdDeviation   =     8449.756]
#[Max     =    38567.936, Total count    =         9020]
#[Buckets =           27, SubBuckets     =         2048]
-----------------------------------------------------------------------
  10326 requests in 1.00m, 2.96MB read
  Non-2xx or 3xx responses: 113
Requests/sec:    172.02  
Transfer/sec:     50.43KB
