Running 1m test @ http://nginx-thrift.social-network.svc.cluster.local:8080/wrk2-api/post/compose
  2 threads and 100 connections

  Thread calibration: mean lat.: 4302.440ms, rate sampling interval: 16859ms
  Thread calibration: mean lat.: 3882.772ms, rate sampling interval: 15237ms

-----------------------------------------------------------------------
Test Results @ http://nginx-thrift.social-network.svc.cluster.local:8080/wrk2-api/post/compose 
  Thread Stats   Avg      Stdev     99%   +/- Stdev
    Latency    30.82s    13.10s    0.90m    61.39%
    Req/Sec    67.40      4.36    72.00     80.00%
  Latency Distribution (HdrHistogram - Recorded Latency)
 50.000%   29.82s 
 75.000%   42.04s 
 90.000%   49.77s 
 99.000%    0.90m 
 99.900%    0.91m 
 99.990%    0.92m 
 99.999%    0.93m 
100.000%    0.93m 

  Detailed Percentile spectrum:
       Value   Percentile   TotalCount 1/(1-Percentile)

    8302.591     0.000000            1         1.00
   13385.727     0.100000          665         1.11
   18382.847     0.200000         1331         1.25
   21856.255     0.300000         1994         1.43
   25296.895     0.400000         2658         1.67
   29818.879     0.500000         3325         2.00
   32178.175     0.550000         3656         2.22
   34537.471     0.600000         3987         2.50
   37748.735     0.650000         4322         2.86
   39780.351     0.700000         4662         3.33
   42041.343     0.750000         4987         4.00
   43122.687     0.775000         5150         4.44
   44072.959     0.800000         5317         5.00
   45842.431     0.825000         5484         5.71
   47546.367     0.850000         5659         6.67
   48594.943     0.875000         5817         8.00
   49283.071     0.887500         5897         8.89
   49774.591     0.900000         5980        10.00
   50331.647     0.912500         6063        11.43
   50855.935     0.925000         6147        13.33
   51281.919     0.937500         6232        16.00
   51576.831     0.943750         6272        17.78
   51838.975     0.950000         6315        20.00
   52199.423     0.956250         6355        22.86
   52527.103     0.962500         6396        26.67
   52854.783     0.968750         6439        32.00
   53084.159     0.971875         6466        35.56
   53346.303     0.975000         6479        40.00
   53510.143     0.978125         6504        45.71
   53608.447     0.981250         6523        53.33
   53739.519     0.984375         6544        64.00
   53805.055     0.985938         6552        71.11
   53870.591     0.987500         6565        80.00
   53936.127     0.989062         6576        91.43
   54067.199     0.990625         6583       106.67
   54296.575     0.992188         6593       128.00
   54362.111     0.992969         6600       142.22
   54427.647     0.993750         6607       160.00
   54460.415     0.994531         6612       182.86
   54493.183     0.995313         6617       213.33
   54525.951     0.996094         6619       256.00
   54558.719     0.996484         6625       284.44
   54558.719     0.996875         6625       320.00
   54591.487     0.997266         6627       365.71
   54624.255     0.997656         6630       426.67
   54657.023     0.998047         6638       512.00
   54657.023     0.998242         6638       568.89
   54657.023     0.998437         6638       640.00
   54657.023     0.998633         6638       731.43
   54657.023     0.998828         6638       853.33
   54657.023     0.999023         6638      1024.00
   54722.559     0.999121         6639      1137.78
   54722.559     0.999219         6639      1280.00
   54755.327     0.999316         6641      1462.86
   54755.327     0.999414         6641      1706.67
   54755.327     0.999512         6641      2048.00
   54951.935     0.999561         6642      2275.56
   54951.935     0.999609         6642      2560.00
   54951.935     0.999658         6642      2925.71
   55148.543     0.999707         6643      3413.33
   55148.543     0.999756         6643      4096.00
   55148.543     0.999780         6643      4551.11
   55148.543     0.999805         6643      5120.00
   55148.543     0.999829         6643      5851.43
   55508.991     0.999854         6644      6826.67
   55508.991     1.000000         6644          inf
#[Mean    =    30821.718, StdDeviation   =    13099.532]
#[Max     =    55476.224, Total count    =         6644]
#[Buckets =           27, SubBuckets     =         2048]
-----------------------------------------------------------------------
  7859 requests in 1.00m, 2.25MB read
  Non-2xx or 3xx responses: 110
Requests/sec:    130.87  
Transfer/sec:     38.38KB
