Running 1m test @ http://nginx-thrift.social-network.svc.cluster.local:8080/wrk2-api/post/compose
  2 threads and 100 connections

  Thread calibration: mean lat.: 4191.224ms, rate sampling interval: 14704ms
  Thread calibration: mean lat.: 4522.312ms, rate sampling interval: 16318ms

-----------------------------------------------------------------------
Test Results @ http://nginx-thrift.social-network.svc.cluster.local:8080/wrk2-api/post/compose 
  Thread Stats   Avg      Stdev     99%   +/- Stdev
    Latency    31.03s    13.29s    0.89m    57.78%
    Req/Sec    79.00      2.89    83.00     66.67%
  Latency Distribution (HdrHistogram - Recorded Latency)
 50.000%   30.00s 
 75.000%   43.12s 
 90.000%   49.48s 
 99.000%    0.89m 
 99.900%    0.90m 
 99.990%    0.90m 
 99.999%    0.90m 
100.000%    0.90m 

  Detailed Percentile spectrum:
       Value   Percentile   TotalCount 1/(1-Percentile)

    7925.759     0.000000            1         1.00
   13303.807     0.100000          801         1.11
   17547.263     0.200000         1603         1.25
   21610.495     0.300000         2403         1.43
   25624.575     0.400000         3205         1.67
   29999.103     0.500000         4002         2.00
   32718.847     0.550000         4405         2.22
   35880.959     0.600000         4804         2.50
   37912.575     0.650000         5203         2.86
   40861.695     0.700000         5606         3.33
   43122.687     0.750000         6011         4.00
   44105.727     0.775000         6205         4.44
   45514.751     0.800000         6404         5.00
   46530.559     0.825000         6604         5.71
   47579.135     0.850000         6808         6.67
   48496.639     0.875000         7007         8.00
   48922.623     0.887500         7107         8.89
   49479.679     0.900000         7206        10.00
   50102.271     0.912500         7306        11.43
   50724.863     0.925000         7404        13.33
   51281.919     0.937500         7509        16.00
   51478.527     0.943750         7558        17.78
   51707.903     0.950000         7607        20.00
   51904.511     0.956250         7656        22.86
   52133.887     0.962500         7711        26.67
   52363.263     0.968750         7755        32.00
   52559.871     0.971875         7785        35.56
   52625.407     0.975000         7807        40.00
   52723.711     0.978125         7830        45.71
   52854.783     0.981250         7860        53.33
   52985.855     0.984375         7879        64.00
   53051.391     0.985938         7893        71.11
   53116.927     0.987500         7904        80.00
   53215.231     0.989062         7918        91.43
   53346.303     0.990625         7932       106.67
   53575.679     0.992188         7950       128.00
   53575.679     0.992969         7950       142.22
   53608.447     0.993750         7954       160.00
   53641.215     0.994531         7964       182.86
   53673.983     0.995313         7970       213.33
   53706.751     0.996094         7977       256.00
   53706.751     0.996484         7977       284.44
   53739.519     0.996875         7979       320.00
   53837.823     0.997266         7984       365.71
   53870.591     0.997656         7986       426.67
   53968.895     0.998047         7991       512.00
   53968.895     0.998242         7991       568.89
   54001.663     0.998437         7999       640.00
   54001.663     0.998633         7999       731.43
   54001.663     0.998828         7999       853.33
   54001.663     0.999023         7999      1024.00
   54001.663     0.999121         7999      1137.78
   54001.663     0.999219         7999      1280.00
   54001.663     0.999316         7999      1462.86
   54034.431     0.999414         8001      1706.67
   54034.431     0.999512         8001      2048.00
   54034.431     0.999561         8001      2275.56
   54034.431     0.999609         8001      2560.00
   54067.199     0.999658         8002      2925.71
   54067.199     0.999707         8002      3413.33
   54099.967     0.999756         8003      4096.00
   54099.967     0.999780         8003      4551.11
   54099.967     0.999805         8003      5120.00
   54099.967     0.999829         8003      5851.43
   54099.967     0.999854         8003      6826.67
   54198.271     0.999878         8004      8192.00
   54198.271     1.000000         8004          inf
#[Mean    =    31033.349, StdDeviation   =    13289.370]
#[Max     =    54165.504, Total count    =         8004]
#[Buckets =           27, SubBuckets     =         2048]
-----------------------------------------------------------------------
  9438 requests in 1.00m, 2.70MB read
  Non-2xx or 3xx responses: 106
Requests/sec:    157.28  
Transfer/sec:     46.11KB
