Running 1m test @ http://nginx-thrift.social-network.svc.cluster.local:8080/wrk2-api/post/compose
  2 threads and 100 connections

  Thread calibration: mean lat.: 5290.380ms, rate sampling interval: 17252ms
  Thread calibration: mean lat.: 5288.046ms, rate sampling interval: 17235ms

-----------------------------------------------------------------------
Test Results @ http://nginx-thrift.social-network.svc.cluster.local:8080/wrk2-api/post/compose 
  Thread Stats   Avg      Stdev     99%   +/- Stdev
    Latency    34.72s    14.11s    0.95m    57.14%
    Req/Sec    44.75      2.28    47.00    100.00%
  Latency Distribution (HdrHistogram - Recorded Latency)
 50.000%   37.09s 
 75.000%   47.09s 
 90.000%    0.88m 
 99.000%    0.95m 
 99.900%    0.96m 
 99.990%    0.96m 
 99.999%    0.96m 
100.000%    0.96m 

  Detailed Percentile spectrum:
       Value   Percentile   TotalCount 1/(1-Percentile)

    9805.823     0.000000            1         1.00
   14884.863     0.100000          486         1.11
   19120.127     0.200000          969         1.25
   24117.247     0.300000         1457         1.43
   31686.655     0.400000         1937         1.67
   37093.375     0.500000         2421         2.00
   39780.351     0.550000         2666         2.22
   41287.679     0.600000         2911         2.50
   42926.079     0.650000         3150         2.86
   45449.215     0.700000         3391         3.33
   47087.615     0.750000         3635         4.00
   47677.439     0.775000         3766         4.44
   48726.015     0.800000         3878         5.00
   49414.143     0.825000         3994         5.71
   50626.559     0.850000         4115         6.67
   51838.975     0.875000         4239         8.00
   52330.495     0.887500         4298         8.89
   52723.711     0.900000         4359        10.00
   53149.695     0.912500         4418        11.43
   53936.127     0.925000         4479        13.33
   54362.111     0.937500         4539        16.00
   54722.559     0.943750         4574        17.78
   54853.631     0.950000         4601        20.00
   55246.847     0.956250         4633        22.86
   55541.759     0.962500         4660        26.67
   55934.975     0.968750         4690        32.00
   56066.047     0.971875         4705        35.56
   56229.887     0.975000         4723        40.00
   56393.727     0.978125         4737        45.71
   56557.567     0.981250         4755        53.33
   56655.871     0.984375         4766        64.00
   56721.407     0.985938         4773        71.11
   56819.711     0.987500         4787        80.00
   56852.479     0.989062         4790        91.43
   56918.015     0.990625         4799       106.67
   56950.783     0.992188         4806       128.00
   56983.551     0.992969         4811       142.22
   56983.551     0.993750         4811       160.00
   57049.087     0.994531         4816       182.86
   57081.855     0.995313         4819       213.33
   57147.391     0.996094         4825       256.00
   57147.391     0.996484         4825       284.44
   57180.159     0.996875         4829       320.00
   57180.159     0.997266         4829       365.71
   57245.695     0.997656         4830       426.67
   57278.463     0.998047         4833       512.00
   57278.463     0.998242         4833       568.89
   57311.231     0.998437         4835       640.00
   57311.231     0.998633         4835       731.43
   57343.999     0.998828         4836       853.33
   57376.767     0.999023         4839      1024.00
   57376.767     0.999121         4839      1137.78
   57376.767     0.999219         4839      1280.00
   57376.767     0.999316         4839      1462.86
   57376.767     0.999414         4839      1706.67
   57376.767     0.999512         4839      2048.00
   57376.767     0.999561         4839      2275.56
   57409.535     0.999609         4840      2560.00
   57409.535     0.999658         4840      2925.71
   57409.535     0.999707         4840      3413.33
   57409.535     0.999756         4840      4096.00
   57409.535     0.999780         4840      4551.11
   57475.071     0.999805         4841      5120.00
   57475.071     1.000000         4841          inf
#[Mean    =    34715.933, StdDeviation   =    14108.950]
#[Max     =    57442.304, Total count    =         4841]
#[Buckets =           27, SubBuckets     =         2048]
-----------------------------------------------------------------------
  5135 requests in 1.00m, 1.47MB read
  Non-2xx or 3xx responses: 109
Requests/sec:     85.51  
Transfer/sec:     25.11KB
