Running 1m test @ http://nginx-thrift.social-network.svc.cluster.local:8080/wrk2-api/post/compose
  2 threads and 100 connections

  Thread calibration: mean lat.: 1623.560ms, rate sampling interval: 4825ms
  Thread calibration: mean lat.: 1638.598ms, rate sampling interval: 4829ms

-----------------------------------------------------------------------
Test Results @ http://nginx-thrift.social-network.svc.cluster.local:8080/wrk2-api/post/compose 
  Thread Stats   Avg      Stdev     99%   +/- Stdev
    Latency     2.85s   957.53ms   4.73s    67.09%
    Req/Sec    99.40      6.24   111.00     70.00%
  Latency Distribution (HdrHistogram - Recorded Latency)
 50.000%    2.95s 
 75.000%    3.56s 
 90.000%    4.02s 
 99.000%    4.73s 
 99.900%    5.12s 
 99.990%    5.22s 
 99.999%    5.33s 
100.000%    5.33s 

  Detailed Percentile spectrum:
       Value   Percentile   TotalCount 1/(1-Percentile)

      63.423     0.000000            1         1.00
    1495.039     0.100000          997         1.11
    2043.903     0.200000         1995         1.25
    2408.447     0.300000         2996         1.43
    2689.023     0.400000         3990         1.67
    2951.167     0.500000         4993         2.00
    3084.287     0.550000         5493         2.22
    3188.735     0.600000         5982         2.50
    3297.279     0.650000         6481         2.86
    3416.063     0.700000         6985         3.33
    3557.375     0.750000         7482         4.00
    3627.007     0.775000         7729         4.44
    3686.399     0.800000         7976         5.00
    3753.983     0.825000         8227         5.71
    3827.711     0.850000         8481         6.67
    3907.583     0.875000         8724         8.00
    3969.023     0.887500         8849         8.89
    4024.319     0.900000         8974        10.00
    4073.471     0.912500         9098        11.43
    4122.623     0.925000         9228        13.33
    4171.775     0.937500         9346        16.00
    4202.495     0.943750         9412        17.78
    4235.263     0.950000         9471        20.00
    4276.223     0.956250         9533        22.86
    4333.567     0.962500         9596        26.67
    4407.295     0.968750         9660        32.00
    4448.255     0.971875         9690        35.56
    4485.119     0.975000         9723        40.00
    4530.175     0.978125         9754        45.71
    4571.135     0.981250         9784        53.33
    4624.383     0.984375         9817        64.00
    4661.247     0.985938         9832        71.11
    4681.727     0.987500         9849        80.00
    4710.399     0.989062         9860        91.43
    4759.551     0.990625         9876       106.67
    4796.415     0.992188         9894       128.00
    4804.607     0.992969         9903       142.22
    4825.087     0.993750         9908       160.00
    4845.567     0.994531         9915       182.86
    4882.431     0.995313         9923       213.33
    4931.583     0.996094         9931       256.00
    4947.967     0.996484         9934       284.44
    4964.351     0.996875         9938       320.00
    4976.639     0.997266         9942       365.71
    5013.503     0.997656         9947       426.67
    5050.367     0.998047         9950       512.00
    5070.847     0.998242         9955       568.89
    5070.847     0.998437         9955       640.00
    5087.231     0.998633         9956       731.43
    5107.711     0.998828         9958       853.33
    5119.999     0.999023         9960      1024.00
    5128.191     0.999121         9961      1137.78
    5132.287     0.999219         9962      1280.00
    5144.575     0.999316         9964      1462.86
    5144.575     0.999414         9964      1706.67
    5156.863     0.999512         9965      2048.00
    5156.863     0.999561         9965      2275.56
    5185.535     0.999609         9966      2560.00
    5185.535     0.999658         9966      2925.71
    5201.919     0.999707         9967      3413.33
    5201.919     0.999756         9967      4096.00
    5201.919     0.999780         9967      4551.11
    5222.399     0.999805         9968      5120.00
    5222.399     0.999829         9968      5851.43
    5222.399     0.999854         9968      6826.67
    5222.399     0.999878         9968      8192.00
    5222.399     0.999890         9968      9102.22
    5328.895     0.999902         9969     10240.00
    5328.895     1.000000         9969          inf
#[Mean    =     2848.766, StdDeviation   =      957.528]
#[Max     =     5324.800, Total count    =         9969]
#[Buckets =           27, SubBuckets     =         2048]
-----------------------------------------------------------------------
  11371 requests in 1.00m, 3.25MB read
  Non-2xx or 3xx responses: 65
Requests/sec:    189.34  
Transfer/sec:     55.49KB
