Running 1m test @ http://nginx-thrift.social-network.svc.cluster.local:8080/wrk2-api/post/compose
  2 threads and 100 connections

  Thread calibration: mean lat.: 4434.420ms, rate sampling interval: 14335ms
  Thread calibration: mean lat.: 4444.074ms, rate sampling interval: 14385ms

-----------------------------------------------------------------------
Test Results @ http://nginx-thrift.social-network.svc.cluster.local:8080/wrk2-api/post/compose 
  Thread Stats   Avg      Stdev     99%   +/- Stdev
    Latency    26.35s    11.93s   49.51s    58.80%
    Req/Sec    60.17      8.23    73.00     66.67%
  Latency Distribution (HdrHistogram - Recorded Latency)
 50.000%   24.63s 
 75.000%   37.22s 
 90.000%   42.70s 
 99.000%   49.51s 
 99.900%   50.23s 
 99.990%   50.27s 
 99.999%   50.27s 
100.000%   50.27s 

  Detailed Percentile spectrum:
       Value   Percentile   TotalCount 1/(1-Percentile)

    7057.407     0.000000            1         1.00
   10575.871     0.100000          571         1.11
   14884.863     0.200000         1142         1.25
   17924.095     0.300000         1718         1.43
   21069.823     0.400000         2285         1.67
   24625.151     0.500000         2856         2.00
   26771.455     0.550000         3140         2.22
   29245.439     0.600000         3427         2.50
   33521.663     0.650000         3714         2.86
   35258.367     0.700000         3998         3.33
   37224.447     0.750000         4285         4.00
   38273.023     0.775000         4428         4.44
   39026.687     0.800000         4568         5.00
   39583.743     0.825000         4711         5.71
   40173.567     0.850000         4855         6.67
   41025.535     0.875000         4996         8.00
   41680.895     0.887500         5070         8.89
   42696.703     0.900000         5140        10.00
   43515.903     0.912500         5211        11.43
   44531.711     0.925000         5286        13.33
   45121.535     0.937500         5353        16.00
   45973.503     0.943750         5388        17.78
   46628.863     0.950000         5429        20.00
   46989.311     0.956250         5462        22.86
   47284.223     0.962500         5496        26.67
   47710.207     0.968750         5533        32.00
   47972.351     0.971875         5550        35.56
   48234.495     0.975000         5570        40.00
   48398.335     0.978125         5587        45.71
   48693.247     0.981250         5604        53.33
   49053.695     0.984375         5623        64.00
   49119.231     0.985938         5629        71.11
   49315.839     0.987500         5638        80.00
   49381.375     0.989062         5648        91.43
   49512.447     0.990625         5656       106.67
   49610.751     0.992188         5666       128.00
   49643.519     0.992969         5673       142.22
   49676.287     0.993750         5678       160.00
   49676.287     0.994531         5678       182.86
   49774.591     0.995313         5685       213.33
   49807.359     0.996094         5690       256.00
   49807.359     0.996484         5690       284.44
   49905.663     0.996875         5693       320.00
   49938.431     0.997266         5696       365.71
   49938.431     0.997656         5696       426.67
   50036.735     0.998047         5699       512.00
   50036.735     0.998242         5699       568.89
   50135.039     0.998437         5701       640.00
   50200.575     0.998633         5702       731.43
   50233.343     0.998828         5707       853.33
   50233.343     0.999023         5707      1024.00
   50233.343     0.999121         5707      1137.78
   50233.343     0.999219         5707      1280.00
   50233.343     0.999316         5707      1462.86
   50233.343     0.999414         5707      1706.67
   50233.343     0.999512         5707      2048.00
   50233.343     0.999561         5707      2275.56
   50233.343     0.999609         5707      2560.00
   50266.111     0.999658         5709      2925.71
   50266.111     1.000000         5709          inf
#[Mean    =    26352.744, StdDeviation   =    11928.783]
#[Max     =    50233.344, Total count    =         5709]
#[Buckets =           27, SubBuckets     =         2048]
-----------------------------------------------------------------------
  6789 requests in 1.00m, 1.95MB read
  Non-2xx or 3xx responses: 173
Requests/sec:    113.05  
Transfer/sec:     33.19KB
