Running 1m test @ http://nginx-thrift.social-network.svc.cluster.local:8080/wrk2-api/post/compose
  2 threads and 100 connections

  Thread calibration: mean lat.: 2157.228ms, rate sampling interval: 7946ms
  Thread calibration: mean lat.: 2005.572ms, rate sampling interval: 6696ms

-----------------------------------------------------------------------
Test Results @ http://nginx-thrift.social-network.svc.cluster.local:8080/wrk2-api/post/compose 
  Thread Stats   Avg      Stdev     99%   +/- Stdev
    Latency    10.42s     4.11s   17.91s    59.20%
    Req/Sec    93.31      5.03   101.00     69.23%
  Latency Distribution (HdrHistogram - Recorded Latency)
 50.000%   10.47s 
 75.000%   13.98s 
 90.000%   15.79s 
 99.000%   17.91s 
 99.900%   18.74s 
 99.990%   19.28s 
 99.999%   19.48s 
100.000%   19.48s 

  Detailed Percentile spectrum:
       Value   Percentile   TotalCount 1/(1-Percentile)

    1679.359     0.000000            1         1.00
    4972.543     0.100000          935         1.11
    6172.671     0.200000         1872         1.25
    7495.679     0.300000         2804         1.43
    8888.319     0.400000         3734         1.67
   10469.375     0.500000         4672         2.00
   11272.191     0.550000         5142         2.22
   12156.927     0.600000         5602         2.50
   12918.783     0.650000         6068         2.86
   13443.071     0.700000         6538         3.33
   13975.551     0.750000         7005         4.00
   14213.119     0.775000         7236         4.44
   14516.223     0.800000         7469         5.00
   14827.519     0.825000         7702         5.71
   15147.007     0.850000         7937         6.67
   15466.495     0.875000         8174         8.00
   15613.951     0.887500         8288         8.89
   15794.175     0.900000         8406        10.00
   15974.399     0.912500         8519        11.43
   16179.199     0.925000         8636        13.33
   16416.767     0.937500         8754        16.00
   16531.455     0.943750         8813        17.78
   16670.719     0.950000         8874        20.00
   16809.983     0.956250         8932        22.86
   16990.207     0.962500         8991        26.67
   17137.663     0.968750         9049        32.00
   17235.967     0.971875         9073        35.56
   17301.503     0.975000         9103        40.00
   17416.191     0.978125         9133        45.71
   17514.495     0.981250         9160        53.33
   17678.335     0.984375         9191        64.00
   17743.871     0.985938         9209        71.11
   17793.023     0.987500         9220        80.00
   17858.559     0.989062         9233        91.43
   17973.247     0.990625         9253       106.67
   18038.783     0.992188         9263       128.00
   18104.319     0.992969         9272       142.22
   18153.471     0.993750         9278       160.00
   18202.623     0.994531         9284       182.86
   18251.775     0.995313         9292       213.33
   18300.927     0.996094         9299       256.00
   18333.695     0.996484         9303       284.44
   18382.847     0.996875         9306       320.00
   18497.535     0.997266         9311       365.71
   18513.919     0.997656         9314       426.67
   18563.071     0.998047         9317       512.00
   18628.607     0.998242         9320       568.89
   18644.991     0.998437         9321       640.00
   18677.759     0.998633         9324       731.43
   18710.527     0.998828         9325       853.33
   18743.295     0.999023         9327      1024.00
   18743.295     0.999121         9327      1137.78
   18857.983     0.999219         9328      1280.00
   18874.367     0.999316         9330      1462.86
   18874.367     0.999414         9330      1706.67
   19038.207     0.999512         9331      2048.00
   19038.207     0.999561         9331      2275.56
   19054.591     0.999609         9332      2560.00
   19054.591     0.999658         9332      2925.71
   19120.127     0.999707         9333      3413.33
   19120.127     0.999756         9333      4096.00
   19120.127     0.999780         9333      4551.11
   19283.967     0.999805         9334      5120.00
   19283.967     0.999829         9334      5851.43
   19283.967     0.999854         9334      6826.67
   19283.967     0.999878         9334      8192.00
   19283.967     0.999890         9334      9102.22
   19480.575     0.999902         9335     10240.00
   19480.575     1.000000         9335          inf
#[Mean    =    10422.192, StdDeviation   =     4113.180]
#[Max     =    19464.192, Total count    =         9335]
#[Buckets =           27, SubBuckets     =         2048]
-----------------------------------------------------------------------
  10764 requests in 1.00m, 3.08MB read
  Non-2xx or 3xx responses: 129
Requests/sec:    179.40  
Transfer/sec:     52.59KB
