Running 1m test @ http://nginx-thrift.social-network.svc.cluster.local:8080/wrk2-api/post/compose
  2 threads and 100 connections

  Thread calibration: mean lat.: 3012.444ms, rate sampling interval: 10215ms
  Thread calibration: mean lat.: 2996.534ms, rate sampling interval: 10133ms

-----------------------------------------------------------------------
Test Results @ http://nginx-thrift.social-network.svc.cluster.local:8080/wrk2-api/post/compose 
  Thread Stats   Avg      Stdev     99%   +/- Stdev
    Latency    16.76s     7.08s   28.85s    55.45%
    Req/Sec    79.12      5.23    87.00     75.00%
  Latency Distribution (HdrHistogram - Recorded Latency)
 50.000%   16.47s 
 75.000%   23.41s 
 90.000%   26.38s 
 99.000%   28.85s 
 99.900%   29.97s 
 99.990%   31.24s 
 99.999%   31.44s 
100.000%   31.44s 

  Detailed Percentile spectrum:
       Value   Percentile   TotalCount 1/(1-Percentile)

    3071.999     0.000000            1         1.00
    6938.623     0.100000          804         1.11
    9363.455     0.200000         1608         1.25
   11804.671     0.300000         2410         1.43
   14524.415     0.400000         3212         1.67
   16465.919     0.500000         4014         2.00
   17776.639     0.550000         4420         2.22
   18956.287     0.600000         4815         2.50
   20365.311     0.650000         5219         2.86
   21970.943     0.700000         5620         3.33
   23412.735     0.750000         6019         4.00
   24018.943     0.775000         6219         4.44
   24510.463     0.800000         6418         5.00
   24952.831     0.825000         6620         5.71
   25346.047     0.850000         6819         6.67
   25870.335     0.875000         7023         8.00
   26132.479     0.887500         7124         8.89
   26378.239     0.900000         7223        10.00
   26607.615     0.912500         7325        11.43
   26853.375     0.925000         7426        13.33
   27115.519     0.937500         7521        16.00
   27262.975     0.943750         7574        17.78
   27443.199     0.950000         7621        20.00
   27607.039     0.956250         7673        22.86
   27787.263     0.962500         7727        26.67
   27983.871     0.968750         7774        32.00
   28098.559     0.971875         7798        35.56
   28213.247     0.975000         7825        40.00
   28344.319     0.978125         7848        45.71
   28442.623     0.981250         7873        53.33
   28557.311     0.984375         7897        64.00
   28688.383     0.985938         7912        71.11
   28753.919     0.987500         7922        80.00
   28835.839     0.989062         7939        91.43
   28884.991     0.990625         7947       106.67
   28966.911     0.992188         7962       128.00
   29065.215     0.992969         7966       142.22
   29081.599     0.993750         7974       160.00
   29130.751     0.994531         7982       182.86
   29147.135     0.995313         7985       213.33
   29278.207     0.996094         7991       256.00
   29360.127     0.996484         7995       284.44
   29409.279     0.996875         7997       320.00
   29507.583     0.997266         8002       365.71
   29556.735     0.997656         8004       426.67
   29638.655     0.998047         8007       512.00
   29769.727     0.998242         8008       568.89
   29786.111     0.998437         8010       640.00
   29933.567     0.998633         8012       731.43
   29966.335     0.998828         8014       853.33
   30015.487     0.999023         8015      1024.00
   30015.487     0.999121         8015      1137.78
   30130.175     0.999219         8016      1280.00
   30507.007     0.999316         8017      1462.86
   30654.463     0.999414         8018      1706.67
   30834.687     0.999512         8019      2048.00
   30834.687     0.999561         8019      2275.56
   30834.687     0.999609         8019      2560.00
   31113.215     0.999658         8020      2925.71
   31113.215     0.999707         8020      3413.33
   31244.287     0.999756         8021      4096.00
   31244.287     0.999780         8021      4551.11
   31244.287     0.999805         8021      5120.00
   31244.287     0.999829         8021      5851.43
   31244.287     0.999854         8021      6826.67
   31440.895     0.999878         8022      8192.00
   31440.895     1.000000         8022          inf
#[Mean    =    16763.484, StdDeviation   =     7075.560]
#[Max     =    31424.512, Total count    =         8022]
#[Buckets =           27, SubBuckets     =         2048]
-----------------------------------------------------------------------
  9305 requests in 1.00m, 2.66MB read
  Non-2xx or 3xx responses: 124
Requests/sec:    155.08  
Transfer/sec:     45.47KB
