Running 1m test @ http://nginx-thrift.social-network.svc.cluster.local:8080/wrk2-api/post/compose
  2 threads and 100 connections

  Thread calibration: mean lat.: 3013.918ms, rate sampling interval: 10248ms
  Thread calibration: mean lat.: 3371.363ms, rate sampling interval: 11370ms

-----------------------------------------------------------------------
Test Results @ http://nginx-thrift.social-network.svc.cluster.local:8080/wrk2-api/post/compose 
  Thread Stats   Avg      Stdev     99%   +/- Stdev
    Latency    20.55s     7.88s   33.88s    57.91%
    Req/Sec    89.88      5.53    99.00     62.50%
  Latency Distribution (HdrHistogram - Recorded Latency)
 50.000%   20.92s 
 75.000%   27.46s 
 90.000%   30.72s 
 99.000%   33.88s 
 99.900%   34.83s 
 99.990%   35.16s 
 99.999%   35.19s 
100.000%   35.19s 

  Detailed Percentile spectrum:
       Value   Percentile   TotalCount 1/(1-Percentile)

    5840.895     0.000000            1         1.00
    9256.959     0.100000          895         1.11
   12107.775     0.200000         1785         1.25
   15212.543     0.300000         2677         1.43
   18186.239     0.400000         3573         1.67
   20922.367     0.500000         4460         2.00
   22577.151     0.550000         4909         2.22
   24018.943     0.600000         5354         2.50
   25067.519     0.650000         5799         2.86
   26198.015     0.700000         6246         3.33
   27459.583     0.750000         6692         4.00
   28033.023     0.775000         6917         4.44
   28557.311     0.800000         7136         5.00
   29114.367     0.825000         7360         5.71
   29638.655     0.850000         7588         6.67
   30179.327     0.875000         7808         8.00
   30441.471     0.887500         7918         8.89
   30719.999     0.900000         8034        10.00
   30998.527     0.912500         8143        11.43
   31293.439     0.925000         8251        13.33
   31735.807     0.937500         8363        16.00
   31997.951     0.943750         8419        17.78
   32292.863     0.950000         8476        20.00
   32505.855     0.956250         8530        22.86
   32784.383     0.962500         8588        26.67
   32997.375     0.968750         8643        32.00
   33095.679     0.971875         8670        35.56
   33210.367     0.975000         8698        40.00
   33341.439     0.978125         8727        45.71
   33456.127     0.981250         8753        53.33
   33619.967     0.984375         8788        64.00
   33718.271     0.985938         8799        71.11
   33783.807     0.987500         8809        80.00
   33849.343     0.989062         8830        91.43
   33914.879     0.990625         8837       106.67
   34045.951     0.992188         8853       128.00
   34078.719     0.992969         8862       142.22
   34111.487     0.993750         8870       160.00
   34144.255     0.994531         8872       182.86
   34209.791     0.995313         8880       213.33
   34340.863     0.996094         8888       256.00
   34373.631     0.996484         8890       284.44
   34471.935     0.996875         8893       320.00
   34537.471     0.997266         8896       365.71
   34701.311     0.997656         8901       426.67
   34766.847     0.998047         8903       512.00
   34799.615     0.998242         8908       568.89
   34799.615     0.998437         8908       640.00
   34799.615     0.998633         8908       731.43
   34832.383     0.998828         8911       853.33
   34897.919     0.999023         8912      1024.00
   34930.687     0.999121         8915      1137.78
   34930.687     0.999219         8915      1280.00
   34930.687     0.999316         8915      1462.86
   34930.687     0.999414         8915      1706.67
   34963.455     0.999512         8916      2048.00
   34996.223     0.999561         8917      2275.56
   34996.223     0.999609         8917      2560.00
   34996.223     0.999658         8917      2925.71
   35061.759     0.999707         8918      3413.33
   35061.759     0.999756         8918      4096.00
   35160.063     0.999780         8919      4551.11
   35160.063     0.999805         8919      5120.00
   35160.063     0.999829         8919      5851.43
   35160.063     0.999854         8919      6826.67
   35160.063     0.999878         8919      8192.00
   35192.831     0.999890         8920      9102.22
   35192.831     1.000000         8920          inf
#[Mean    =    20545.603, StdDeviation   =     7879.653]
#[Max     =    35160.064, Total count    =         8920]
#[Buckets =           27, SubBuckets     =         2048]
-----------------------------------------------------------------------
  10101 requests in 1.00m, 2.89MB read
  Non-2xx or 3xx responses: 88
Requests/sec:    168.20  
Transfer/sec:     49.30KB
