Running 1m test @ http://nginx-thrift.social-network.svc.cluster.local:8080/wrk2-api/post/compose
  2 threads and 100 connections

  Thread calibration: mean lat.: 3675.098ms, rate sampling interval: 12189ms
  Thread calibration: mean lat.: 3671.943ms, rate sampling interval: 12222ms

-----------------------------------------------------------------------
Test Results @ http://nginx-thrift.social-network.svc.cluster.local:8080/wrk2-api/post/compose 
  Thread Stats   Avg      Stdev     99%   +/- Stdev
    Latency    21.34s     8.49s   35.23s    57.10%
    Req/Sec    73.75      3.07    79.00     75.00%
  Latency Distribution (HdrHistogram - Recorded Latency)
 50.000%   21.48s 
 75.000%   29.25s 
 90.000%   32.85s 
 99.000%   35.23s 
 99.900%   35.72s 
 99.990%   35.98s 
 99.999%   36.04s 
100.000%   36.04s 

  Detailed Percentile spectrum:
       Value   Percentile   TotalCount 1/(1-Percentile)

    5496.831     0.000000            1         1.00
    9633.791     0.100000          750         1.11
   12533.759     0.200000         1500         1.25
   15081.471     0.300000         2250         1.43
   18366.463     0.400000         3000         1.67
   21479.423     0.500000         3753         2.00
   22773.759     0.550000         4126         2.22
   24018.943     0.600000         4504         2.50
   26296.319     0.650000         4877         2.86
   27787.263     0.700000         5250         3.33
   29245.439     0.750000         5626         4.00
   29720.575     0.775000         5815         4.44
   30146.559     0.800000         6002         5.00
   30621.695     0.825000         6191         5.71
   31326.207     0.850000         6375         6.67
   32292.863     0.875000         6564         8.00
   32571.391     0.887500         6659         8.89
   32849.919     0.900000         6751        10.00
   33144.831     0.912500         6845        11.43
   33521.663     0.925000         6937        13.33
   33980.415     0.937500         7035        16.00
   34144.255     0.943750         7081        17.78
   34340.863     0.950000         7139        20.00
   34471.935     0.956250         7184        22.86
   34603.007     0.962500         7221        26.67
   34734.079     0.968750         7274        32.00
   34799.615     0.971875         7298        35.56
   34865.151     0.975000         7316        40.00
   34930.687     0.978125         7343        45.71
   34996.223     0.981250         7364        53.33
   35061.759     0.984375         7385        64.00
   35127.295     0.985938         7404        71.11
   35160.063     0.987500         7407        80.00
   35225.599     0.989062         7426        91.43
   35258.367     0.990625         7433       106.67
   35291.135     0.992188         7443       128.00
   35323.903     0.992969         7452       142.22
   35356.671     0.993750         7457       160.00
   35389.439     0.994531         7461       182.86
   35422.207     0.995313         7465       213.33
   35487.743     0.996094         7472       256.00
   35520.511     0.996484         7478       284.44
   35520.511     0.996875         7478       320.00
   35553.279     0.997266         7481       365.71
   35586.047     0.997656         7487       426.67
   35586.047     0.998047         7487       512.00
   35586.047     0.998242         7487       568.89
   35618.815     0.998437         7489       640.00
   35618.815     0.998633         7489       731.43
   35651.583     0.998828         7491       853.33
   35717.119     0.999023         7493      1024.00
   35717.119     0.999121         7493      1137.78
   35782.655     0.999219         7496      1280.00
   35782.655     0.999316         7496      1462.86
   35782.655     0.999414         7496      1706.67
   35782.655     0.999512         7496      2048.00
   35782.655     0.999561         7496      2275.56
   35848.191     0.999609         7497      2560.00
   35848.191     0.999658         7497      2925.71
   35848.191     0.999707         7497      3413.33
   35979.263     0.999756         7498      4096.00
   35979.263     0.999780         7498      4551.11
   35979.263     0.999805         7498      5120.00
   35979.263     0.999829         7498      5851.43
   35979.263     0.999854         7498      6826.67
   36044.799     0.999878         7499      8192.00
   36044.799     1.000000         7499          inf
#[Mean    =    21335.338, StdDeviation   =     8493.801]
#[Max     =    36012.032, Total count    =         7499]
#[Buckets =           27, SubBuckets     =         2048]
-----------------------------------------------------------------------
  8650 requests in 1.00m, 2.48MB read
  Non-2xx or 3xx responses: 71
Requests/sec:    144.08  
Transfer/sec:     42.24KB
