Running 1m test @ http://nginx-thrift.social-network.svc.cluster.local:8080/wrk2-api/post/compose
  2 threads and 100 connections

  Thread calibration: mean lat.: 695.439ms, rate sampling interval: 1928ms
  Thread calibration: mean lat.: 690.464ms, rate sampling interval: 1894ms

-----------------------------------------------------------------------
Test Results @ http://nginx-thrift.social-network.svc.cluster.local:8080/wrk2-api/post/compose 
  Thread Stats   Avg      Stdev     99%   +/- Stdev
    Latency   746.40ms  326.17ms   1.62s    90.81%
    Req/Sec    49.12      8.35    61.00     82.35%
  Latency Distribution (HdrHistogram - Recorded Latency)
 50.000%  690.17ms
 75.000%  805.38ms
 90.000%    1.02s 
 99.000%    1.62s 
 99.900%    5.16s 
 99.990%    5.77s 
 99.999%    5.77s 
100.000%    5.77s 

  Detailed Percentile spectrum:
       Value   Percentile   TotalCount 1/(1-Percentile)

       9.879     0.000000            1         1.00
     525.823     0.100000          492         1.11
     576.511     0.200000          985         1.25
     616.959     0.300000         1485         1.43
     651.263     0.400000         1974         1.67
     690.175     0.500000         2463         2.00
     708.095     0.550000         2708         2.22
     728.063     0.600000         2952         2.50
     751.615     0.650000         3197         2.86
     776.703     0.700000         3447         3.33
     805.375     0.750000         3688         4.00
     825.343     0.775000         3814         4.44
     849.919     0.800000         3934         5.00
     875.007     0.825000         4058         5.71
     908.287     0.850000         4179         6.67
     953.343     0.875000         4303         8.00
     986.111     0.887500         4363         8.89
    1021.439     0.900000         4425        10.00
    1051.647     0.912500         4486        11.43
    1116.159     0.925000         4549        13.33
    1163.263     0.937500         4609        16.00
    1178.623     0.943750         4640        17.78
    1190.911     0.950000         4673        20.00
    1205.247     0.956250         4702        22.86
    1223.679     0.962500         4734        26.67
    1242.111     0.968750         4763        32.00
    1255.423     0.971875         4778        35.56
    1272.831     0.975000         4795        40.00
    1326.079     0.978125         4810        45.71
    1361.919     0.981250         4828        53.33
    1382.399     0.984375         4841        64.00
    1392.639     0.985938         4848        71.11
    1403.903     0.987500         4855        80.00
    1451.007     0.989062         4864        91.43
    1666.047     0.990625         4870       106.67
    1812.479     0.992188         4878       128.00
    1888.255     0.992969         4882       142.22
    2032.639     0.993750         4886       160.00
    2140.159     0.994531         4890       182.86
    2396.159     0.995313         4893       213.33
    2934.783     0.996094         4897       256.00
    3315.711     0.996484         4899       284.44
    3796.991     0.996875         4901       320.00
    3934.207     0.997266         4903       365.71
    4153.343     0.997656         4905       426.67
    4460.543     0.998047         4907       512.00
    4698.111     0.998242         4908       568.89
    4763.647     0.998437         4909       640.00
    4861.951     0.998633         4910       731.43
    5160.959     0.998828         4911       853.33
    5222.399     0.999023         4912      1024.00
    5222.399     0.999121         4912      1137.78
    5226.495     0.999219         4913      1280.00
    5226.495     0.999316         4913      1462.86
    5738.495     0.999414         4914      1706.67
    5738.495     0.999512         4914      2048.00
    5738.495     0.999561         4914      2275.56
    5767.167     0.999609         4915      2560.00
    5767.167     0.999658         4915      2925.71
    5767.167     0.999707         4915      3413.33
    5767.167     0.999756         4915      4096.00
    5767.167     0.999780         4915      4551.11
    5771.263     0.999805         4916      5120.00
    5771.263     1.000000         4916          inf
#[Mean    =      746.402, StdDeviation   =      326.173]
#[Max     =     5767.168, Total count    =         4916]
#[Buckets =           27, SubBuckets     =         2048]
-----------------------------------------------------------------------
  5799 requests in 1.00m, 1.66MB read
  Non-2xx or 3xx responses: 18
Requests/sec:     96.56  
Transfer/sec:     28.30KB
