Running 1m test @ http://nginx-thrift.social-network.svc.cluster.local:8080/wrk2-api/post/compose
  2 threads and 100 connections

  Thread calibration: mean lat.: 3984.869ms, rate sampling interval: 13991ms
  Thread calibration: mean lat.: 4201.351ms, rate sampling interval: 15458ms

-----------------------------------------------------------------------
Test Results @ http://nginx-thrift.social-network.svc.cluster.local:8080/wrk2-api/post/compose 
  Thread Stats   Avg      Stdev     99%   +/- Stdev
    Latency    30.03s    12.05s   50.56s    58.76%
    Req/Sec    76.17      9.62    92.00     66.67%
  Latency Distribution (HdrHistogram - Recorded Latency)
 50.000%   30.95s 
 75.000%   40.40s 
 90.000%   45.88s 
 99.000%   50.56s 
 99.900%    0.86m 
 99.990%    0.87m 
 99.999%    0.89m 
100.000%    0.89m 

  Detailed Percentile spectrum:
       Value   Percentile   TotalCount 1/(1-Percentile)

    8536.063     0.000000            1         1.00
   12673.023     0.100000          749         1.11
   17104.895     0.200000         1496         1.25
   21233.663     0.300000         2242         1.43
   26689.535     0.400000         2990         1.67
   30949.375     0.500000         3735         2.00
   33439.743     0.550000         4108         2.22
   35127.295     0.600000         4483         2.50
   36929.535     0.650000         4863         2.86
   38830.079     0.700000         5236         3.33
   40402.943     0.750000         5603         4.00
   41189.375     0.775000         5793         4.44
   41910.271     0.800000         5976         5.00
   42631.167     0.825000         6164         5.71
   43450.367     0.850000         6349         6.67
   44662.783     0.875000         6536         8.00
   45285.375     0.887500         6629         8.89
   45875.199     0.900000         6732        10.00
   46333.951     0.912500         6817        11.43
   46825.471     0.925000         6913        13.33
   47349.759     0.937500         7003        16.00
   47611.903     0.943750         7051        17.78
   47972.351     0.950000         7102        20.00
   48201.727     0.956250         7144        22.86
   48562.175     0.962500         7189        26.67
   49086.463     0.968750         7236        32.00
   49446.911     0.971875         7260        35.56
   49709.055     0.975000         7284        40.00
   50003.967     0.978125         7307        45.71
   50167.807     0.981250         7331        53.33
   50331.647     0.984375         7358        64.00
   50364.415     0.985938         7364        71.11
   50429.951     0.987500         7379        80.00
   50528.255     0.989062         7389        91.43
   50659.327     0.990625         7401       106.67
   50823.167     0.992188         7414       128.00
   50888.703     0.992969         7418       142.22
   50954.239     0.993750         7425       160.00
   51019.775     0.994531         7429       182.86
   51085.311     0.995313         7435       213.33
   51150.847     0.996094         7442       256.00
   51216.383     0.996484         7448       284.44
   51216.383     0.996875         7448       320.00
   51249.151     0.997266         7454       365.71
   51249.151     0.997656         7454       426.67
   51281.919     0.998047         7456       512.00
   51281.919     0.998242         7456       568.89
   51347.455     0.998437         7458       640.00
   51412.991     0.998633         7459       731.43
   51478.527     0.998828         7461       853.33
   51511.295     0.999023         7462      1024.00
   51544.063     0.999121         7463      1137.78
   51675.135     0.999219         7464      1280.00
   51675.135     0.999316         7464      1462.86
   51838.975     0.999414         7465      1706.67
   51970.047     0.999512         7466      2048.00
   51970.047     0.999561         7466      2275.56
   52428.799     0.999609         7467      2560.00
   52428.799     0.999658         7467      2925.71
   52428.799     0.999707         7467      3413.33
   52461.567     0.999756         7468      4096.00
   52461.567     0.999780         7468      4551.11
   52461.567     0.999805         7468      5120.00
   52461.567     0.999829         7468      5851.43
   52461.567     0.999854         7468      6826.67
   53149.695     0.999878         7469      8192.00
   53149.695     1.000000         7469          inf
#[Mean    =    30030.405, StdDeviation   =    12047.151]
#[Max     =    53116.928, Total count    =         7469]
#[Buckets =           27, SubBuckets     =         2048]
-----------------------------------------------------------------------
  8467 requests in 1.00m, 2.42MB read
  Non-2xx or 3xx responses: 96
Requests/sec:    140.99  
Transfer/sec:     41.34KB
