Running 1m test @ http://nginx-thrift.social-network.svc.cluster.local:8080/wrk2-api/post/compose
  2 threads and 100 connections

  Thread calibration: mean lat.: 3949.223ms, rate sampling interval: 13697ms
  Thread calibration: mean lat.: 3948.295ms, rate sampling interval: 13705ms

-----------------------------------------------------------------------
Test Results @ http://nginx-thrift.social-network.svc.cluster.local:8080/wrk2-api/post/compose 
  Thread Stats   Avg      Stdev     99%   +/- Stdev
    Latency    24.28s     9.97s   41.32s    58.32%
    Req/Sec    95.83      3.13   100.00     66.67%
  Latency Distribution (HdrHistogram - Recorded Latency)
 50.000%   24.49s 
 75.000%   32.96s 
 90.000%   38.27s 
 99.000%   41.32s 
 99.900%   41.94s 
 99.990%   42.14s 
 99.999%   42.37s 
100.000%   42.37s 

  Detailed Percentile spectrum:
       Value   Percentile   TotalCount 1/(1-Percentile)

    6582.271     0.000000            1         1.00
   10600.447     0.100000          960         1.11
   14065.663     0.200000         1916         1.25
   17170.431     0.300000         2874         1.43
   20332.543     0.400000         3831         1.67
   24494.079     0.500000         4791         2.00
   26099.711     0.550000         5268         2.22
   27738.111     0.600000         5746         2.50
   29671.423     0.650000         6226         2.86
   31473.663     0.700000         6705         3.33
   32964.607     0.750000         7182         4.00
   33751.039     0.775000         7421         4.44
   34603.007     0.800000         7668         5.00
   35389.439     0.825000         7911         5.71
   36208.639     0.850000         8143         6.67
   37027.839     0.875000         8379         8.00
   37552.127     0.887500         8499         8.89
   38273.023     0.900000         8626        10.00
   38666.239     0.912500         8741        11.43
   39092.223     0.925000         8866        13.33
   39485.439     0.937500         8977        16.00
   39682.047     0.943750         9039        17.78
   39944.191     0.950000         9108        20.00
   40108.031     0.956250         9158        22.86
   40370.175     0.962500         9222        26.67
   40534.015     0.968750         9279        32.00
   40632.319     0.971875         9306        35.56
   40730.623     0.975000         9337        40.00
   40861.695     0.978125         9372        45.71
   40959.999     0.981250         9398        53.33
   41058.303     0.984375         9426        64.00
   41156.607     0.985938         9446        71.11
   41222.143     0.987500         9462        80.00
   41254.911     0.989062         9474        91.43
   41353.215     0.990625         9489       106.67
   41451.519     0.992188         9503       128.00
   41517.055     0.992969         9513       142.22
   41549.823     0.993750         9523       160.00
   41549.823     0.994531         9523       182.86
   41615.359     0.995313         9537       213.33
   41648.127     0.996094         9542       256.00
   41648.127     0.996484         9542       284.44
   41680.895     0.996875         9547       320.00
   41713.663     0.997266         9552       365.71
   41746.431     0.997656         9553       426.67
   41811.967     0.998047         9557       512.00
   41844.735     0.998242         9560       568.89
   41877.503     0.998437         9561       640.00
   41910.271     0.998633         9562       731.43
   41943.039     0.998828         9565       853.33
   41975.807     0.999023         9570      1024.00
   41975.807     0.999121         9570      1137.78
   41975.807     0.999219         9570      1280.00
   41975.807     0.999316         9570      1462.86
   41975.807     0.999414         9570      1706.67
   42008.575     0.999512         9571      2048.00
   42008.575     0.999561         9571      2275.56
   42041.343     0.999609         9573      2560.00
   42041.343     0.999658         9573      2925.71
   42041.343     0.999707         9573      3413.33
   42041.343     0.999756         9573      4096.00
   42041.343     0.999780         9573      4551.11
   42139.647     0.999805         9574      5120.00
   42139.647     0.999829         9574      5851.43
   42139.647     0.999854         9574      6826.67
   42139.647     0.999878         9574      8192.00
   42139.647     0.999890         9574      9102.22
   42369.023     0.999902         9575     10240.00
   42369.023     1.000000         9575          inf
#[Mean    =    24275.376, StdDeviation   =     9972.843]
#[Max     =    42336.256, Total count    =         9575]
#[Buckets =           27, SubBuckets     =         2048]
-----------------------------------------------------------------------
  10982 requests in 1.00m, 3.14MB read
  Non-2xx or 3xx responses: 124
Requests/sec:    183.03  
Transfer/sec:     53.65KB
